- Type: 1
  Flag: 0
  Id: 73
  Teleport:
    Place: 0
    Door: 0
    World: 0
    Unknown: 0
  Unk20: 0
  Unk24: 0
  Entities:
  - ObjectId: 566
    PositionX: -755.39501953125
    PositionY: 1.1977200301771518E-05
    PositionZ: 103.7239990234375
    RotationX: 0
    RotationY: -3.1415927410125732
    RotationZ: 0
    SpawnType: 1
    SpawnArgument: 50
    Serial: 7
    Argument1: 0
    Argument2: 0
    ReactionCommand: 0
    SpawnDelay: 0
    Command: 0
    SpawnRange: 0
    Level: 0
    Medal: 0
  - ObjectId: 567
    PositionX: -855.39501953125
    PositionY: 1.1977200301771518E-05
    PositionZ: 3.7239899635314941
    RotationX: 0
    RotationY: -3.1415927410125732
    RotationZ: 0
    SpawnType: 1
    SpawnArgument: 50
    Serial: 8
    Argument1: 0
    Argument2: 0
    ReactionCommand: 0
    SpawnDelay: 0
    Command: 0
    SpawnRange: 0
    Level: 0
    Medal: 0
  - ObjectId: 568
    PositionX: -655.39501953125
    PositionY: 1.1977200301771518E-05
    PositionZ: 3.7240080833435059
    RotationX: 0
    RotationY: -3.1415927410125732
    RotationZ: 0
    SpawnType: 1
    SpawnArgument: 50
    Serial: 9
    Argument1: 0
    Argument2: 0
    ReactionCommand: 0
    SpawnDelay: 0
    Command: 0
    SpawnRange: 0
    Level: 0
    Medal: 0
  EventActivators: []
  WalkPath: []
  ReturnParameters: []
  Signals: []
