- Type: 1
  Flag: 0
  Id: 180
  Teleport:
    Place: 0
    Door: 0
    World: 0
    Unknown: 0
  Unk20: 0
  Unk24: 0
  Entities:
  - ObjectId: 319
    PositionX: 404.28549194335938
    PositionY: -150
    PositionZ: -700
    RotationX: 0
    RotationY: -3.1415927410125732
    RotationZ: 0
    SpawnType: 0
    SpawnArgument: 0
    Serial: 28
    Argument1: 0
    Argument2: 0
    ReactionCommand: 1110
    SpawnDelay: 0
    Command: 30
    SpawnRange: 0
    Level: 0
    Medal: 0
  - ObjectId: 319
    PositionX: 243.11399841308594
    PositionY: -150
    PositionZ: -583.64837646484375
    RotationX: 0
    RotationY: -3.1415927410125732
    RotationZ: 0
    SpawnType: 0
    SpawnArgument: 0
    Serial: 29
    Argument1: 0
    Argument2: 0
    ReactionCommand: 1111
    SpawnDelay: 0
    Command: 30
    SpawnRange: 0
    Level: 0
    Medal: 0
  - ObjectId: 319
    PositionX: -1255
    PositionY: -150
    PositionZ: -212.53109741210938
    RotationX: 0
    RotationY: 1.5707963705062866
    RotationZ: 0
    SpawnType: 0
    SpawnArgument: 0
    Serial: 30
    Argument1: 0
    Argument2: 0
    ReactionCommand: 1112
    SpawnDelay: 0
    Command: 30
    SpawnRange: 0
    Level: 0
    Medal: 0
  - ObjectId: 319
    PositionX: -1255
    PositionY: -150
    PositionZ: -1.6129209995269775
    RotationX: 0
    RotationY: 1.5707963705062866
    RotationZ: 0
    SpawnType: 0
    SpawnArgument: 0
    Serial: 31
    Argument1: 0
    Argument2: 0
    ReactionCommand: 1113
    SpawnDelay: 0
    Command: 30
    SpawnRange: 0
    Level: 0
    Medal: 0
  - ObjectId: 319
    PositionX: -1255
    PositionY: -150
    PositionZ: 208.08689880371094
    RotationX: 0
    RotationY: 1.5707963705062866
    RotationZ: 0
    SpawnType: 0
    SpawnArgument: 0
    Serial: 32
    Argument1: 0
    Argument2: 0
    ReactionCommand: 1114
    SpawnDelay: 0
    Command: 30
    SpawnRange: 0
    Level: 0
    Medal: 0
  EventActivators: []
  WalkPath: []
  ReturnParameters: []
  Signals: []
