- Type: 1
  Flag: 0
  Id: 298
  Teleport:
    Place: 0
    Door: 0
    World: 0
    Unknown: 0
  Unk20: 0
  Unk24: 0
  Entities:
  - ObjectId: 566
    PositionX: -246.56809997558594
    PositionY: 900
    PositionZ: 590.93267822265625
    RotationX: 0
    RotationY: 0.2617993950843811
    RotationZ: 0
    SpawnType: 1
    SpawnArgument: 50
    Serial: 44
    Argument1: 0
    Argument2: 0
    ReactionCommand: 0
    SpawnDelay: 0
    Command: 0
    SpawnRange: 0
    Level: 0
    Medal: 0
  - ObjectId: 567
    PositionX: -175.85740661621094
    PositionY: 900
    PositionZ: 713.4072265625
    RotationX: 0
    RotationY: 0.2617993950843811
    RotationZ: 0
    SpawnType: 1
    SpawnArgument: 50
    Serial: 45
    Argument1: 0
    Argument2: 0
    ReactionCommand: 0
    SpawnDelay: 0
    Command: 0
    SpawnRange: 0
    Level: 0
    Medal: 0
  - ObjectId: 568
    PositionX: -369.0426025390625
    PositionY: 900
    PositionZ: 661.643310546875
    RotationX: 0
    RotationY: 0.2617993950843811
    RotationZ: 0
    SpawnType: 1
    SpawnArgument: 50
    Serial: 46
    Argument1: 0
    Argument2: 0
    ReactionCommand: 0
    SpawnDelay: 0
    Command: 0
    SpawnRange: 0
    Level: 0
    Medal: 0
  EventActivators: []
  WalkPath: []
  ReturnParameters: []
  Signals: []
