- Type: 1
  Flag: 0
  Id: 201
  Teleport:
    Place: 21
    Door: 3
    World: 2
    Unknown: 0
  Unk20: 0
  Unk24: 0
  Entities: []
  EventActivators:
  - Shape: 0
    Option: 0
    PositionX: -560
    PositionY: 550
    PositionZ: 3190
    ScaleX: 235
    ScaleY: 450
    ScaleZ: 300
    RotationX: 0
    RotationY: -1.1344640254974365
    RotationZ: 0
    Flags: 0
    Type: 0
    OnBgGroup: 0
    OffBgGroup: 0
  - Shape: 0
    Option: 1
    PositionX: -641.11358642578125
    PositionY: 550.00372314453125
    PositionZ: 3192.39111328125
    ScaleX: 743.1519775390625
    ScaleY: 449.99630737304688
    ScaleZ: 615.99200439453125
    RotationX: 0
    RotationY: -0.78539818525314331
    RotationZ: 0
    Flags: 0
    Type: 0
    OnBgGroup: 0
    OffBgGroup: 0
  WalkPath: []
  ReturnParameters:
  - Id: 0
    Type: 0
    Rate: 0
    EntryType: 0
    Argument04: 0
    Argument08: 0
    Argument0c: 0
  - Id: 0
    Type: 0
    Rate: 0
    EntryType: 0
    Argument04: 0
    Argument08: 0
    Argument0c: 0
  - Id: 0
    Type: 0
    Rate: 0
    EntryType: 0
    Argument04: 0
    Argument08: 0
    Argument0c: 0
  Signals: []
