- Type: 1
  Flag: 0
  Id: 70
  Teleport:
    Place: 0
    Door: 0
    World: 0
    Unknown: 0
  Unk20: 0
  Unk24: 0
  Entities:
  - ObjectId: 566
    PositionX: 42.684398651123047
    PositionY: -900
    PositionZ: 1043.3260498046875
    RotationX: 0
    RotationY: 1.5707963705062866
    RotationZ: 0
    SpawnType: 1
    SpawnArgument: 50
    Serial: 18
    Argument1: 0
    Argument2: 0
    ReactionCommand: 0
    SpawnDelay: 0
    Command: 0
    SpawnRange: 0
    Level: 0
    Medal: 0
  - ObjectId: 567
    PositionX: -57.315620422363281
    PositionY: -900
    PositionZ: 1143.3260498046875
    RotationX: 0
    RotationY: 1.5707963705062866
    RotationZ: 0
    SpawnType: 1
    SpawnArgument: 50
    Serial: 19
    Argument1: 0
    Argument2: 0
    ReactionCommand: 0
    SpawnDelay: 0
    Command: 0
    SpawnRange: 0
    Level: 0
    Medal: 0
  - ObjectId: 568
    PositionX: -57.315589904785156
    PositionY: -900
    PositionZ: 943.32562255859375
    RotationX: 0
    RotationY: 1.5707963705062866
    RotationZ: 0
    SpawnType: 1
    SpawnArgument: 50
    Serial: 20
    Argument1: 0
    Argument2: 0
    ReactionCommand: 0
    SpawnDelay: 0
    Command: 0
    SpawnRange: 0
    Level: 0
    Medal: 0
  EventActivators: []
  WalkPath: []
  ReturnParameters: []
  Signals: []
