- Type: 6
  Flag: 0
  Id: 978
  Teleport:
    Place: 0
    Door: 0
    World: 0
    Unknown: 0
  Unk20: 0
  Unk24: 0
  Entities:
  - ObjectId: 1310
    PositionX: 4079.10693359375
    PositionY: -1400
    PositionZ: 843.20977783203125
    RotationX: 0
    RotationY: 2.9638221263885498
    RotationZ: 0
    SpawnType: 1
    SpawnArgument: 0
    Serial: 174
    Argument1: 0
    Argument2: 1
    ReactionCommand: 1731
    SpawnDelay: 0
    Command: 31
    SpawnRange: 0
    Level: 0
    Medal: 0
  - ObjectId: 1310
    PositionX: -209.6549072265625
    PositionY: -2040.6669921875
    PositionZ: 2392.10498046875
    RotationX: 0
    RotationY: 2.4260756969451904
    RotationZ: 0
    SpawnType: 1
    SpawnArgument: 2
    Serial: 175
    Argument1: 0
    Argument2: 1
    ReactionCommand: 1731
    SpawnDelay: 0
    Command: 31
    SpawnRange: 0
    Level: 0
    Medal: 0
  - ObjectId: 1310
    PositionX: -2691.970947265625
    PositionY: -1939.9990234375
    PositionZ: 195.731201171875
    RotationX: 0
    RotationY: -1.3384429216384888
    RotationZ: 0
    SpawnType: 1
    SpawnArgument: 1
    Serial: 176
    Argument1: 0
    Argument2: 1
    ReactionCommand: 1731
    SpawnDelay: 0
    Command: 31
    SpawnRange: 0
    Level: 0
    Medal: 0
  - ObjectId: 1310
    PositionX: -1897.4510498046875
    PositionY: -1600
    PositionZ: -362.83938598632812
    RotationX: 0
    RotationY: -0.81271868944168091
    RotationZ: 0
    SpawnType: 1
    SpawnArgument: 52
    Serial: 179
    Argument1: 0
    Argument2: 1
    ReactionCommand: 1731
    SpawnDelay: 0
    Command: 31
    SpawnRange: 0
    Level: 0
    Medal: 0
  - ObjectId: 1310
    PositionX: 2450.402099609375
    PositionY: -1700
    PositionZ: 2317.176025390625
    RotationX: 0
    RotationY: -2.289762020111084
    RotationZ: 0
    SpawnType: 1
    SpawnArgument: 51
    Serial: 180
    Argument1: 0
    Argument2: 1
    ReactionCommand: 1731
    SpawnDelay: 0
    Command: 31
    SpawnRange: 0
    Level: 0
    Medal: 0
  EventActivators: []
  WalkPath: []
  ReturnParameters:
  - Id: 0
    Type: 0
    Rate: 0
    EntryType: 4
    Argument04: 0
    Argument08: 0
    Argument0c: 0
  - Id: 0
    Type: 0
    Rate: 0
    EntryType: 0
    Argument04: 0
    Argument08: 0
    Argument0c: 0
  - Id: 0
    Type: 0
    Rate: 0
    EntryType: 0
    Argument04: 0
    Argument08: 0
    Argument0c: 0
  Signals: []
