- Type: 1
  Flag: 0
  Id: 122
  Teleport:
    Place: 0
    Door: 0
    World: 0
    Unknown: 0
  Unk20: 0
  Unk24: 0
  Entities:
  - ObjectId: 566
    PositionX: -2297.610107421875
    PositionY: -1520
    PositionZ: -1282.06005859375
    RotationX: 0
    RotationY: 1.5707963705062866
    RotationZ: 0
    SpawnType: 0
    SpawnArgument: 0
    Serial: 13
    Argument1: 0
    Argument2: 0
    ReactionCommand: 0
    SpawnDelay: 0
    Command: 0
    SpawnRange: 0
    Level: 0
    Medal: 0
  - ObjectId: 567
    PositionX: -2397.610107421875
    PositionY: -1520
    PositionZ: -1182.06005859375
    RotationX: 0
    RotationY: 1.5707963705062866
    RotationZ: 0
    SpawnType: 0
    SpawnArgument: 0
    Serial: 14
    Argument1: 0
    Argument2: 0
    ReactionCommand: 0
    SpawnDelay: 0
    Command: 0
    SpawnRange: 0
    Level: 0
    Medal: 0
  - ObjectId: 568
    PositionX: -2397.610107421875
    PositionY: -1520
    PositionZ: -1382.06005859375
    RotationX: 0
    RotationY: 1.5707963705062866
    RotationZ: 0
    SpawnType: 0
    SpawnArgument: 0
    Serial: 15
    Argument1: 0
    Argument2: 0
    ReactionCommand: 0
    SpawnDelay: 0
    Command: 0
    SpawnRange: 0
    Level: 0
    Medal: 0
  - ObjectId: 1876
    PositionX: -2004.0589599609375
    PositionY: -1520
    PositionZ: -1285.864990234375
    RotationX: 0
    RotationY: -1.5707963705062866
    RotationZ: 0
    SpawnType: 0
    SpawnArgument: 0
    Serial: 71
    Argument1: 0
    Argument2: 0
    ReactionCommand: 0
    SpawnDelay: 0
    Command: 0
    SpawnRange: 0
    Level: 0
    Medal: 0
  EventActivators: []
  WalkPath: []
  ReturnParameters: []
  Signals: []
