- Type: 1
  Flag: 0
  Id: 404
  Teleport:
    Place: 0
    Door: 0
    World: 0
    Unknown: 0
  Unk20: 0
  Unk24: 0
  Entities:
  - ObjectId: 319
    PositionX: -1035.1300048828125
    PositionY: -2135
    PositionZ: 994.5150146484375
    RotationX: 0
    RotationY: -3.1415927410125732
    RotationZ: 0
    SpawnType: 0
    SpawnArgument: 0
    Serial: 137
    Argument1: 0
    Argument2: 0
    ReactionCommand: 1097
    SpawnDelay: 0
    Command: 604
    SpawnRange: 0
    Level: 0
    Medal: 0
  - ObjectId: 319
    PositionX: 434.87799072265625
    PositionY: -1765
    PositionZ: -679.1409912109375
    RotationX: 0
    RotationY: -0.78539818525314331
    RotationZ: 0
    SpawnType: 0
    SpawnArgument: 0
    Serial: 138
    Argument1: 0
    Argument2: 0
    ReactionCommand: 1098
    SpawnDelay: 0
    Command: 604
    SpawnRange: 0
    Level: 0
    Medal: 0
  EventActivators: []
  WalkPath: []
  ReturnParameters: []
  Signals: []
