- Type: 3
  Flag: 0
  Id: 161
  Teleport:
    Place: 9
    Door: 0
    World: 0
    Unknown: 0
  Unk20: 0
  Unk24: 0
  Entities: []
  EventActivators:
  - Shape: 0
    Option: 0
    PositionX: -591.62237548828125
    PositionY: -500
    PositionZ: 428.86801147460938
    ScaleX: 100
    ScaleY: 500
    ScaleZ: 583.29998779296875
    RotationX: 0
    RotationY: -2.0025453567504883
    RotationZ: 0
    Flags: 0
    Type: 0
    OnBgGroup: 0
    OffBgGroup: 0
  WalkPath: []
  ReturnParameters: []
  Signals: []
