- Type: 1
  Flag: 0
  Id: 502
  Teleport:
    Place: 0
    Door: 0
    World: 0
    Unknown: 0
  Unk20: 0
  Unk24: 0
  Entities:
  - ObjectId: 566
    PositionX: 1371.2230224609375
    PositionY: 549.9998779296875
    PositionZ: -1630.5469970703125
    RotationX: 0
    RotationY: 0.29520165920257568
    RotationZ: 0
    SpawnType: 1
    SpawnArgument: 20
    Serial: 100
    Argument1: 0
    Argument2: 0
    ReactionCommand: 0
    SpawnDelay: 0
    Command: 0
    SpawnRange: 0
    Level: 0
    Medal: 0
  - ObjectId: 567
    PositionX: 1437.803955078125
    PositionY: 549.9998779296875
    PositionZ: -1505.780029296875
    RotationX: 0
    RotationY: 0.29520165920257568
    RotationZ: 0
    SpawnType: 1
    SpawnArgument: 20
    Serial: 101
    Argument1: 0
    Argument2: 0
    ReactionCommand: 0
    SpawnDelay: 0
    Command: 0
    SpawnRange: 0
    Level: 0
    Medal: 0
  - ObjectId: 568
    PositionX: 1246.4549560546875
    PositionY: 549.9998779296875
    PositionZ: -1563.9659423828125
    RotationX: 0
    RotationY: 0.29520165920257568
    RotationZ: 0
    SpawnType: 1
    SpawnArgument: 20
    Serial: 102
    Argument1: 0
    Argument2: 0
    ReactionCommand: 0
    SpawnDelay: 0
    Command: 0
    SpawnRange: 0
    Level: 0
    Medal: 0
  EventActivators: []
  WalkPath: []
  ReturnParameters: []
  Signals: []
