- Type: 4
  Flag: 0
  Id: 798
  Teleport:
    Place: 9
    Door: 0
    World: 0
    Unknown: 0
  Unk20: 0
  Unk24: 0
  Entities: []
  EventActivators:
  - Shape: 0
    Option: 0
    PositionX: 968.65411376953125
    PositionY: 312.41604614257812
    PositionZ: -1226.39794921875
    ScaleX: 155.78779602050781
    ScaleY: 235.89605712890625
    ScaleZ: 532.322021484375
    RotationX: 0
    RotationY: -1.5707963705062866
    RotationZ: 0
    Flags: 0
    Type: 0
    OnBgGroup: 0
    OffBgGroup: 0
  WalkPath:
  - Serial: 150
    Flag: 1
    Id: 0
    Positions:
    - X: 427.49249267578125
      Y: 254.47270202636719
      Z: -1229.469970703125
    - X: 1523.7984619140625
      Y: 489.99990844726562
      Z: -1234.1549072265625
  ReturnParameters:
  - Id: 0
    Type: 0
    Rate: 0
    EntryType: 0
    Argument04: 0
    Argument08: 0
    Argument0c: 0
  - Id: 0
    Type: 0
    Rate: 0
    EntryType: 0
    Argument04: 0
    Argument08: 0
    Argument0c: 0
  - Id: 0
    Type: 0
    Rate: 0
    EntryType: 0
    Argument04: 0
    Argument08: 0
    Argument0c: 0
  Signals: []
