- Type: 6
  Flag: 0
  Id: 1641
  Teleport:
    Place: 0
    Door: 0
    World: 0
    Unknown: 0
  Unk20: 0
  Unk24: 0
  Entities:
  - ObjectId: 1337
    PositionX: 2014.06103515625
    PositionY: 550
    PositionZ: -523.3699951171875
    RotationX: 0
    RotationY: -0.66223794221878052
    RotationZ: 0
    SpawnType: 2
    SpawnArgument: 0
    Serial: 178
    Argument1: 0
    Argument2: 1
    ReactionCommand: 1207
    SpawnDelay: 0
    Command: 31
    SpawnRange: 0
    Level: 0
    Medal: 0
  EventActivators:
  - Shape: 0
    Option: 1
    PositionX: 1809.6400146484375
    PositionY: 100
    PositionZ: -786.211181640625
    ScaleX: 250
    ScaleY: 500
    ScaleZ: 250
    RotationX: 0
    RotationY: -0.67116653919219971
    RotationZ: 0
    Flags: 0
    Type: 1
    OnBgGroup: 0
    OffBgGroup: 0
  WalkPath: []
  ReturnParameters:
  - Id: 0
    Type: 0
    Rate: 0
    EntryType: 4
    Argument04: 0
    Argument08: 0
    Argument0c: 0
  - Id: 0
    Type: 0
    Rate: 0
    EntryType: 0
    Argument04: 0
    Argument08: 0
    Argument0c: 0
  - Id: 0
    Type: 0
    Rate: 0
    EntryType: 0
    Argument04: 0
    Argument08: 0
    Argument0c: 0
  Signals: []
