- Type: 6
  Flag: 0
  Id: 82
  Teleport:
    Place: 0
    Door: 0
    World: 0
    Unknown: 0
  Unk20: 0
  Unk24: 0
  Entities:
  - ObjectId: 1160
    PositionX: 492.12521362304688
    PositionY: -5.7061952247750014E-06
    PositionZ: -101.45349884033203
    RotationX: 0
    RotationY: -1.5707963705062866
    RotationZ: 0
    SpawnType: 0
    SpawnArgument: 0
    Serial: 25
    Argument1: 0
    Argument2: 0
    ReactionCommand: 212
    SpawnDelay: 0
    Command: 31
    SpawnRange: 0
    Level: 0
    Medal: 0
  EventActivators:
  - Shape: 0
    Option: 1
    PositionX: 361.30718994140625
    PositionY: -100
    PositionZ: -93.327346801757812
    ScaleX: 165.22950744628906
    ScaleY: 100
    ScaleZ: 40.743000030517578
    RotationX: 0
    RotationY: -1.6929072141647339
    RotationZ: 0
    Flags: 0
    Type: 0
    OnBgGroup: 0
    OffBgGroup: 0
  - Shape: 0
    Option: 2
    PositionX: 591.99847412109375
    PositionY: -100
    PositionZ: -4.7734980583190918
    ScaleX: 17.676210403442383
    ScaleY: 100
    ScaleZ: 45.371776580810547
    RotationX: 0
    RotationY: -1.6858906745910645
    RotationZ: 0
    Flags: 0
    Type: 0
    OnBgGroup: 0
    OffBgGroup: 0
  WalkPath:
  - Serial: 49
    Flag: 1
    Id: 0
    Positions:
    - X: 464.28140258789062
      Y: 1.3543500244850293E-05
      Z: 69.384109497070312
    - X: 519.15045166015625
      Y: -10.299976348876953
      Z: 43.549129486083984
    - X: 584.72998046875
      Y: -10.299976348876953
      Z: 20.814899444580078
    - X: 581.537109375
      Y: -10.299976348876953
      Z: -19.071920394897461
    - X: 497.4012451171875
      Y: -9.9999961853027344
      Z: -73.230293273925781
    - X: 398.45364379882812
      Y: -9.9999961853027344
      Z: -294.7255859375
    - X: 353.19711303710938
      Y: -9.9999961853027344
      Z: -241.24058532714844
    - X: 373.76824951171875
      Y: -9.9999866485595703
      Z: -17.014820098876953
    - X: 402.56787109375
      Y: -9.9999856948852539
      Z: 81.726806640625
  ReturnParameters:
  - Id: 0
    Type: 0
    Rate: 0
    EntryType: 0
    Argument04: 0
    Argument08: 0
    Argument0c: 0
  - Id: 0
    Type: 0
    Rate: 0
    EntryType: 0
    Argument04: 0
    Argument08: 0
    Argument0c: 0
  - Id: 0
    Type: 0
    Rate: 0
    EntryType: 0
    Argument04: 0
    Argument08: 0
    Argument0c: 0
  - Id: 1
    Type: 0
    Rate: 20
    EntryType: 0
    Argument04: 0
    Argument08: 0
    Argument0c: 0
  - Id: 1
    Type: 3
    Rate: 30
    EntryType: 0
    Argument04: 0
    Argument08: 0
    Argument0c: 0
  - Id: 1
    Type: 0
    Rate: 10
    EntryType: 2
    Argument04: 0
    Argument08: 0
    Argument0c: 0
  - Id: 2
    Type: 0
    Rate: 20
    EntryType: 3
    Argument04: 1127083213
    Argument08: -1097230715
    Argument0c: 1099372345
  - Id: 2
    Type: 3
    Rate: 30
    EntryType: 0
    Argument04: 0
    Argument08: 0
    Argument0c: 0
  - Id: 2
    Type: 0
    Rate: 10
    EntryType: 2
    Argument04: 0
    Argument08: 0
    Argument0c: 0
  Signals: []
