- Type: 1
  Flag: 0
  Id: 137
  Teleport:
    Place: 0
    Door: 0
    World: 0
    Unknown: 0
  Unk20: 0
  Unk24: 0
  Entities:
  - ObjectId: 566
    PositionX: 415.65740966796875
    PositionY: 6.5325701143592596E-05
    PositionZ: -64.712806701660156
    RotationX: 0
    RotationY: -1.2217304706573486
    RotationZ: 0
    SpawnType: 1
    SpawnArgument: 50
    Serial: 41
    Argument1: 0
    Argument2: 0
    ReactionCommand: 0
    SpawnDelay: 0
    Command: 0
    SpawnRange: 0
    Level: 0
    Medal: 0
  - ObjectId: 567
    PositionX: 543.82867431640625
    PositionY: 6.5325701143592596E-05
    PositionZ: -124.48000335693359
    RotationX: 0
    RotationY: -1.2217304706573486
    RotationZ: 0
    SpawnType: 1
    SpawnArgument: 50
    Serial: 42
    Argument1: 0
    Argument2: 0
    ReactionCommand: 0
    SpawnDelay: 0
    Command: 0
    SpawnRange: 0
    Level: 0
    Medal: 0
  - ObjectId: 568
    PositionX: 475.42459106445312
    PositionY: 6.5325701143592596E-05
    PositionZ: 63.458469390869141
    RotationX: 0
    RotationY: -1.2217304706573486
    RotationZ: 0
    SpawnType: 1
    SpawnArgument: 50
    Serial: 43
    Argument1: 0
    Argument2: 0
    ReactionCommand: 0
    SpawnDelay: 0
    Command: 0
    SpawnRange: 0
    Level: 0
    Medal: 0
  EventActivators: []
  WalkPath: []
  ReturnParameters: []
  Signals: []
