- Type: 2
  Flag: 0
  Id: 41
  Teleport:
    Place: 0
    Door: 0
    World: 0
    Unknown: 0
  Unk20: 0
  Unk24: 0
  Entities:
  - ObjectId: 124
    PositionX: -133.70899963378906
    PositionY: -3229.967041015625
    PositionZ: -1022.6389770507812
    RotationX: 0
    RotationY: 0
    RotationZ: 0
    SpawnType: 2
    SpawnArgument: 0
    Serial: 7
    Argument1: 0
    Argument2: 0
    ReactionCommand: 0
    SpawnDelay: 0
    Command: 0
    SpawnRange: 0
    Level: 0
    Medal: 0
  - ObjectId: 124
    PositionX: 166.29100036621094
    PositionY: -3229.967041015625
    PositionZ: -1022.6389770507812
    RotationX: 0
    RotationY: 0
    RotationZ: 0
    SpawnType: 2
    SpawnArgument: 0
    Serial: 8
    Argument1: 0
    Argument2: 0
    ReactionCommand: 0
    SpawnDelay: 25
    Command: 0
    SpawnRange: 0
    Level: 0
    Medal: 0
  - ObjectId: 122
    PositionX: 16.290990829467773
    PositionY: -3429.967041015625
    PositionZ: -1022.6389770507812
    RotationX: 0
    RotationY: 0
    RotationZ: 0
    SpawnType: 2
    SpawnArgument: 0
    Serial: 9
    Argument1: 0
    Argument2: 0
    ReactionCommand: 0
    SpawnDelay: 0
    Command: 0
    SpawnRange: 0
    Level: 0
    Medal: 0
  EventActivators:
  - Shape: 0
    Option: 0
    PositionX: -1.84381103515625
    PositionY: -3342.44287109375
    PositionZ: -991.7703857421875
    ScaleX: 420.10549926757812
    ScaleY: 302.14895629882812
    ScaleZ: 400.32955932617188
    RotationX: 0
    RotationY: 0
    RotationZ: 0
    Flags: 0
    Type: 0
    OnBgGroup: 0
    OffBgGroup: 0
  WalkPath: []
  ReturnParameters: []
  Signals: []
- Type: 2
  Flag: 0
  Id: 42
  Teleport:
    Place: 0
    Door: 0
    World: 0
    Unknown: 0
  Unk20: 0
  Unk24: 0
  Entities:
  - ObjectId: 124
    PositionX: 8.8696775436401367
    PositionY: -3829.966064453125
    PositionZ: 492.58059692382812
    RotationX: 0
    RotationY: 0
    RotationZ: 0
    SpawnType: 2
    SpawnArgument: 0
    Serial: 13
    Argument1: 0
    Argument2: 0
    ReactionCommand: 0
    SpawnDelay: 30
    Command: 0
    SpawnRange: 0
    Level: 0
    Medal: 0
  - ObjectId: 124
    PositionX: -141.13029479980469
    PositionY: -3889.965087890625
    PositionZ: 642.58062744140625
    RotationX: 0
    RotationY: 0
    RotationZ: 0
    SpawnType: 2
    SpawnArgument: 0
    Serial: 28
    Argument1: 0
    Argument2: 0
    ReactionCommand: 0
    SpawnDelay: 30
    Command: 0
    SpawnRange: 0
    Level: 0
    Medal: 0
  - ObjectId: 124
    PositionX: 158.86970520019531
    PositionY: -3909.965087890625
    PositionZ: 692.58062744140625
    RotationX: 0
    RotationY: 0
    RotationZ: 0
    SpawnType: 2
    SpawnArgument: 0
    Serial: 29
    Argument1: 0
    Argument2: 0
    ReactionCommand: 0
    SpawnDelay: 30
    Command: 0
    SpawnRange: 0
    Level: 0
    Medal: 0
  - ObjectId: 124
    PositionX: 58.869678497314453
    PositionY: -3969.965087890625
    PositionZ: 842.58062744140625
    RotationX: 0
    RotationY: 0
    RotationZ: 0
    SpawnType: 2
    SpawnArgument: 0
    Serial: 30
    Argument1: 0
    Argument2: 0
    ReactionCommand: 0
    SpawnDelay: 30
    Command: 0
    SpawnRange: 0
    Level: 0
    Medal: 0
  EventActivators:
  - Shape: 0
    Option: 0
    PositionX: -1.84381103515625
    PositionY: -4012.902099609375
    PositionZ: 568.53521728515625
    ScaleX: 420.10549926757812
    ScaleY: 368.30999755859375
    ScaleZ: 558.80499267578125
    RotationX: 0
    RotationY: 0
    RotationZ: 0
    Flags: 0
    Type: 0
    OnBgGroup: 0
    OffBgGroup: 0
  WalkPath: []
  ReturnParameters: []
  Signals: []
