- Type: 6
  Flag: 0
  Id: 567
  Teleport:
    Place: 0
    Door: 0
    World: 0
    Unknown: 0
  Unk20: 0
  Unk24: 0
  Entities:
  - ObjectId: 1309
    PositionX: -1441.5460205078125
    PositionY: 4.0581139728601556E-06
    PositionZ: 760.32452392578125
    RotationX: 0
    RotationY: -1.5828632116317749
    RotationZ: 0
    SpawnType: 0
    SpawnArgument: 0
    Serial: 75
    Argument1: 0
    Argument2: 0
    ReactionCommand: 1175
    SpawnDelay: 0
    Command: 31
    SpawnRange: 0
    Level: 0
    Medal: 0
  EventActivators:
  - Shape: 0
    Option: 1
    PositionX: -1342.8909912109375
    PositionY: -100
    PositionZ: 778.6953125
    ScaleX: 133.60400390625
    ScaleY: 100
    ScaleZ: 59.877498626708984
    RotationX: 0
    RotationY: -0.43261754512786865
    RotationZ: 0
    Flags: 0
    Type: 0
    OnBgGroup: 0
    OffBgGroup: 0
  - Shape: 0
    Option: 0
    PositionX: -1753.405029296875
    PositionY: -99.999984741210938
    PositionZ: 527.6959228515625
    ScaleX: 166.88580322265625
    ScaleY: 100
    ScaleZ: 59.877300262451172
    RotationX: 0
    RotationY: -0.72943013906478882
    RotationZ: 0
    Flags: 0
    Type: 0
    OnBgGroup: 0
    OffBgGroup: 0
  - Shape: 0
    Option: 0
    PositionX: -1645.6280517578125
    PositionY: -100
    PositionZ: 866.055908203125
    ScaleX: 256.5845947265625
    ScaleY: 100
    ScaleZ: 59.877300262451172
    RotationX: 0
    RotationY: -1.3057682514190674
    RotationZ: 0
    Flags: 0
    Type: 0
    OnBgGroup: 0
    OffBgGroup: 0
  WalkPath:
  - Serial: 127
    Flag: 1
    Id: 0
    Positions:
    - X: -1367.1949462890625
      Y: -1.6828460502438247E-05
      Z: 468.17318725585938
    - X: -1180.5118408203125
      Y: 6.4965897763613611E-06
      Z: 671.54241943359375
    - X: -1408.09619140625
      Y: 1.1979829650954343E-05
      Z: 796.98431396484375
    - X: -1504.52978515625
      Y: 1.7729769751895219E-05
      Z: 928.52752685546875
    - X: -1424.2440185546875
      Y: 2.3471669919672422E-05
      Z: 1059.8868408203125
    - X: -1556.5550537109375
      Y: -2.5787198865145911E-06
      Z: 1145.72119140625
    - X: -1718.92822265625
      Y: -4.0005002119869459E-06
      Z: 1113.1947021484375
    - X: -1571.090576171875
      Y: 4.7859598453214858E-06
      Z: 632.40771484375
    - X: -1632.0626220703125
      Y: -4.0941599763755221E-06
      Z: 429.25439453125
    - X: -1837.34765625
      Y: 4.2716301322798245E-06
      Z: 620.64129638671875
    - X: -1814.6634521484375
      Y: 1.3053109796601348E-05
      Z: 821.5380859375
    - X: -1487.2017822265625
      Y: 9.3652397481491789E-06
      Z: 737.16937255859375
    - X: -1530.05517578125
      Y: 6.2705998971068766E-07
      Z: 537.26312255859375
  ReturnParameters:
  - Id: 0
    Type: 0
    Rate: 0
    EntryType: 0
    Argument04: 0
    Argument08: 0
    Argument0c: 0
  - Id: 0
    Type: 0
    Rate: 0
    EntryType: 0
    Argument04: 0
    Argument08: 0
    Argument0c: 0
  - Id: 0
    Type: 0
    Rate: 0
    EntryType: 0
    Argument04: 0
    Argument08: 0
    Argument0c: 0
  - Id: 1
    Type: 0
    Rate: 30
    EntryType: 0
    Argument04: 0
    Argument08: 0
    Argument0c: 0
  - Id: 1
    Type: 3
    Rate: 30
    EntryType: 0
    Argument04: 0
    Argument08: 0
    Argument0c: 0
  Signals: []
