- Type: 3
  Flag: 0
  Id: 100
  Teleport:
    Place: 9
    Door: 0
    World: 0
    Unknown: 0
  Unk20: 0
  Unk24: 0
  Entities: []
  EventActivators:
  - Shape: 0
    Option: 0
    PositionX: -1292.512939453125
    PositionY: -500
    PositionZ: 392.168701171875
    ScaleX: 100
    ScaleY: 500
    ScaleZ: 1504.8349609375
    RotationX: 0
    RotationY: -2.6330578327178955
    RotationZ: 0
    Flags: 0
    Type: 0
    OnBgGroup: 0
    OffBgGroup: 0
  WalkPath: []
  ReturnParameters: []
  Signals: []
