- Type: 1
  Flag: 0
  Id: 300
  Teleport:
    Place: 0
    Door: 0
    World: 0
    Unknown: 0
  Unk20: 0
  Unk24: 0
  Entities:
  - ObjectId: 1593
    PositionX: -5822.26904296875
    PositionY: -500
    PositionZ: -1420.9840087890625
    RotationX: 0
    RotationY: 1.0471975803375244
    RotationZ: 0
    SpawnType: 3
    SpawnArgument: 0
    Serial: 45
    Argument1: 2
    Argument2: 0
    ReactionCommand: 0
    SpawnDelay: 0
    Command: 0
    SpawnRange: 0
    Level: 0
    Medal: 0
  EventActivators: []
  WalkPath:
  - Serial: 493
    Flag: 0
    Id: 0
    Positions:
    - X: -5353.05712890625
      Y: -500
      Z: -1682.6949462890625
    - X: -18819.357421875
      Y: -7000
      Z: 7081.05517578125
    - X: -25940.037109375
      Y: -6411
      Z: 11399.3154296875
  ReturnParameters: []
  Signals: []
