- Type: 3
  Flag: 0
  Id: 846
  Teleport:
    Place: 10
    Door: 0
    World: 0
    Unknown: 0
  Unk20: 0
  Unk24: 0
  Entities: []
  EventActivators:
  - Shape: 1
    Option: 0
    PositionX: -23223.509765625
    PositionY: -8899.9990234375
    PositionZ: 9789.763671875
    ScaleX: 2001.675048828125
    ScaleY: 2500
    ScaleZ: 2006.9300537109375
    RotationX: 0
    RotationY: -1.5707963705062866
    RotationZ: 0
    Flags: 0
    Type: 0
    OnBgGroup: 0
    OffBgGroup: 0
  WalkPath: []
  ReturnParameters: []
  Signals: []
