- Type: 3
  Flag: 0
  Id: 16
  Teleport:
    Place: 9
    Door: 0
    World: 0
    Unknown: 0
  Unk20: 0
  Unk24: 0
  Entities: []
  EventActivators:
  - Shape: 1
    Option: 0
    PositionX: 1.5107400417327881
    PositionY: -400
    PositionZ: -532.5579833984375
    ScaleX: 153.34700012207031
    ScaleY: 500
    ScaleZ: 1503.64501953125
    RotationX: 0
    RotationY: -1.5707963705062866
    RotationZ: 0
    Flags: 0
    Type: 0
    OnBgGroup: 0
    OffBgGroup: 0
  WalkPath: []
  ReturnParameters: []
  Signals: []
