- Type: 1
  Flag: 0
  Id: 102
  Teleport:
    Place: 0
    Door: 0
    World: 0
    Unknown: 0
  Unk20: 0
  Unk24: 0
  Entities:
  - ObjectId: 2491
    PositionX: -964.20001220703125
    PositionY: -1275.800048828125
    PositionZ: 595.5
    RotationX: 0
    RotationY: 0.78539818525314331
    RotationZ: 0
    SpawnType: 0
    SpawnArgument: 0
    Serial: 69
    Argument1: 370
    Argument2: 0
    ReactionCommand: 0
    SpawnDelay: 0
    Command: 0
    SpawnRange: 0
    Level: 0
    Medal: 0
  - ObjectId: 2489
    PositionX: 2136.199951171875
    PositionY: 669.9000244140625
    PositionZ: -1437.300048828125
    RotationX: 0
    RotationY: 2.3561944961547852
    RotationZ: 0
    SpawnType: 0
    SpawnArgument: 0
    Serial: 74
    Argument1: 300
    Argument2: 0
    ReactionCommand: 0
    SpawnDelay: 0
    Command: 0
    SpawnRange: 0
    Level: 0
    Medal: 0
  - ObjectId: 2489
    PositionX: 2136.199951171875
    PositionY: 980.4000244140625
    PositionZ: -1437.300048828125
    RotationX: 0
    RotationY: 2.3561944961547852
    RotationZ: 0
    SpawnType: 0
    SpawnArgument: 0
    Serial: 75
    Argument1: 550
    Argument2: 0
    ReactionCommand: 0
    SpawnDelay: 0
    Command: 0
    SpawnRange: 0
    Level: 0
    Medal: 0
  EventActivators: []
  WalkPath: []
  ReturnParameters: []
  Signals: []
