- Type: 1
  Flag: 0
  Id: 19
  Teleport:
    Place: 0
    Door: 0
    World: 0
    Unknown: 0
  Unk20: 0
  Unk24: 0
  Entities:
  - ObjectId: 566
    PositionX: 231.67039489746094
    PositionY: 314.03271484375
    PositionZ: -1737.112060546875
    RotationX: 0
    RotationY: -2.9412147998809814
    RotationZ: 0
    SpawnType: 1
    SpawnArgument: 50
    Serial: 6
    Argument1: 0
    Argument2: 0
    ReactionCommand: 0
    SpawnDelay: 0
    Command: 0
    SpawnRange: 0
    Level: 0
    Medal: 0
  - ObjectId: 566
    PositionX: -409.964599609375
    PositionY: 4.8461079131811857E-05
    PositionZ: 489.24710083007812
    RotationX: 0
    RotationY: 3.0313348770141602
    RotationZ: 0
    SpawnType: 1
    SpawnArgument: 51
    Serial: 7
    Argument1: 0
    Argument2: 0
    ReactionCommand: 0
    SpawnDelay: 0
    Command: 0
    SpawnRange: 0
    Level: 0
    Medal: 0
  EventActivators: []
  WalkPath: []
  ReturnParameters: []
  Signals: []
