- Type: 6
  Flag: 0
  Id: 132
  Teleport:
    Place: 0
    Door: 0
    World: 0
    Unknown: 0
  Unk20: 0
  Unk24: 0
  Entities:
  - ObjectId: 1068
    PositionX: -332.65008544921875
    PositionY: 40.959201812744141
    PositionZ: 1462.5550537109375
    RotationX: 0
    RotationY: 0.88843858242034912
    RotationZ: 0
    SpawnType: 0
    SpawnArgument: 0
    Serial: 17
    Argument1: 0
    Argument2: 0
    ReactionCommand: 571
    SpawnDelay: 0
    Command: 31
    SpawnRange: 0
    Level: 0
    Medal: 0
  EventActivators:
  - Shape: 0
    Option: 1
    PositionX: -361.02169799804688
    PositionY: -41.93212890625
    PositionZ: 1544.9129638671875
    ScaleX: 152.14900207519531
    ScaleY: 100
    ScaleZ: 47.238601684570312
    RotationX: 0
    RotationY: -1.1563501358032227
    RotationZ: 0
    Flags: 0
    Type: 0
    OnBgGroup: 0
    OffBgGroup: 0
  - Shape: 0
    Option: 0
    PositionX: -647.755126953125
    PositionY: -19.850879669189453
    PositionZ: 1509.4739990234375
    ScaleX: 152.14884948730469
    ScaleY: 100
    ScaleZ: 47.238594055175781
    RotationX: 0
    RotationY: -2.1532161235809326
    RotationZ: 0
    Flags: 0
    Type: 0
    OnBgGroup: 0
    OffBgGroup: 0
  - Shape: 0
    Option: 0
    PositionX: -517.078125
    PositionY: -66.104408264160156
    PositionZ: 1281.83203125
    ScaleX: 104.29920196533203
    ScaleY: 100
    ScaleZ: 47.238594055175781
    RotationX: 0
    RotationY: -2.8937978744506836
    RotationZ: 0
    Flags: 0
    Type: 0
    OnBgGroup: 0
    OffBgGroup: 0
  WalkPath:
  - Serial: 40
    Flag: 1
    Id: 0
    Positions:
    - X: -456.98150634765625
      Y: 28.196559906005859
      Z: 1327.0999755859375
    - X: -389.69027709960938
      Y: 23.310268402099609
      Z: 1349.595458984375
    - X: -436.93917846679688
      Y: 54.537349700927734
      Z: 1508.008544921875
    - X: -522.9456787109375
      Y: 44.928131103515625
      Z: 1379.6038818359375
    - X: -553.14404296875
      Y: 39.719390869140625
      Z: 1315.363525390625
    - X: -616.0277099609375
      Y: 56.792999267578125
      Z: 1372.846923828125
    - X: -602.87750244140625
      Y: 82.382598876953125
      Z: 1548.1275634765625
    - X: -697.03369140625
      Y: 100.52667999267578
      Z: 1594.4739990234375
    - X: -772.07269287109375
      Y: 87.42218017578125
      Z: 1442.7452392578125
    - X: -623.72320556640625
      Y: 44.583240509033203
      Z: 1282.5572509765625
    - X: -336.12640380859375
      Y: 21.281339645385742
      Z: 1356.459228515625
    - X: -399.21505737304688
      Y: 82.450469970703125
      Z: 1642.3897705078125
    - X: -501.989990234375
      Y: 95.832786560058594
      Z: 1672.5926513671875
    - X: -671.96209716796875
      Y: 77.394798278808594
      Z: 1466.674072265625
    - X: -733.909423828125
      Y: 69.237449645996094
      Z: 1349.223388671875
    - X: -672.92169189453125
      Y: 58.596088409423828
      Z: 1331.4066162109375
    - X: -546.9835205078125
      Y: 60.952850341796875
      Z: 1465.5523681640625
  ReturnParameters:
  - Id: 0
    Type: 0
    Rate: 0
    EntryType: 0
    Argument04: 0
    Argument08: 0
    Argument0c: 0
  - Id: 0
    Type: 0
    Rate: 0
    EntryType: 0
    Argument04: 0
    Argument08: 0
    Argument0c: 0
  - Id: 0
    Type: 0
    Rate: 0
    EntryType: 0
    Argument04: 0
    Argument08: 0
    Argument0c: 0
  - Id: 1
    Type: 0
    Rate: 30
    EntryType: 0
    Argument04: 0
    Argument08: 0
    Argument0c: 0
  - Id: 1
    Type: 3
    Rate: 30
    EntryType: 0
    Argument04: 0
    Argument08: 0
    Argument0c: 0
  Signals: []
