- Type: 6
  Flag: 0
  Id: 187
  Teleport:
    Place: 0
    Door: 0
    World: 0
    Unknown: 0
  Unk20: 0
  Unk24: 0
  Entities:
  - ObjectId: 1068
    PositionX: 687.3314208984375
    PositionY: 26.343700408935547
    PositionZ: 276.32229614257812
    RotationX: 0
    RotationY: 0.88843858242034912
    RotationZ: 0
    SpawnType: 0
    SpawnArgument: 0
    Serial: 19
    Argument1: 0
    Argument2: 0
    ReactionCommand: 572
    SpawnDelay: 0
    Command: 31
    SpawnRange: 0
    Level: 0
    Medal: 0
  EventActivators:
  - Shape: 0
    Option: 1
    PositionX: 658.95977783203125
    PositionY: -77.634742736816406
    PositionZ: 358.6798095703125
    ScaleX: 152.14900207519531
    ScaleY: 100
    ScaleZ: 47.238601684570312
    RotationX: 0
    RotationY: -1.1563501358032227
    RotationZ: 0
    Flags: 0
    Type: 0
    OnBgGroup: 0
    OffBgGroup: 0
  - Shape: 0
    Option: 0
    PositionX: 372.22628784179688
    PositionY: -90.952812194824219
    PositionZ: 323.24090576171875
    ScaleX: 152.14884948730469
    ScaleY: 100
    ScaleZ: 47.238594055175781
    RotationX: 0
    RotationY: -2.1532161235809326
    RotationZ: 0
    Flags: 0
    Type: 0
    OnBgGroup: 0
    OffBgGroup: 0
  - Shape: 0
    Option: 0
    PositionX: 502.90341186523438
    PositionY: -75.062629699707031
    PositionZ: 95.599639892578125
    ScaleX: 104.29920196533203
    ScaleY: 100
    ScaleZ: 47.238594055175781
    RotationX: 0
    RotationY: -2.8937978744506836
    RotationZ: 0
    Flags: 0
    Type: 0
    OnBgGroup: 0
    OffBgGroup: 0
  WalkPath:
  - Serial: 41
    Flag: 1
    Id: 0
    Positions:
    - X: 563
      Y: 23.851829528808594
      Z: 140.86709594726562
    - X: 630.291259765625
      Y: 26.563947677612305
      Z: 163.36257934570312
    - X: 583.0423583984375
      Y: 17.600164413452148
      Z: 321.77569580078125
    - X: 497.03579711914062
      Y: 19.290441513061523
      Z: 193.37101745605469
    - X: 466.83743286132812
      Y: 21.966678619384766
      Z: 129.13064575195312
    - X: 403.95379638671875
      Y: 17.007053375244141
      Z: 186.61404418945312
    - X: 417.10400390625
      Y: 8.6779403686523438
      Z: 361.89471435546875
    - X: 322.94781494140625
      Y: 4.5135297775268555
      Z: 408.2410888671875
    - X: 247.90879821777344
      Y: 11.056650161743164
      Z: 256.51239013671875
    - X: 396.25830078125
      Y: 22.066984176635742
      Z: 96.324378967285156
    - X: 683.8551025390625
      Y: 29.433151245117188
      Z: 170.22634887695312
    - X: 620.7664794921875
      Y: 15.299772262573242
      Z: 456.15689086914062
    - X: 517.99151611328125
      Y: 6.52947998046875
      Z: 486.35980224609375
    - X: 348.0194091796875
      Y: 10.922719955444336
      Z: 280.44119262695312
    - X: 286.07211303710938
      Y: 15.984416961669922
      Z: 162.99050903320312
    - X: 347.059814453125
      Y: 18.693534851074219
      Z: 145.17373657226562
    - X: 472.99795532226562
      Y: 13.809300422668457
      Z: 279.31948852539062
  ReturnParameters:
  - Id: 0
    Type: 2
    Rate: 0
    EntryType: 1
    Argument04: 1066
    Argument08: 0
    Argument0c: 0
  - Id: 0
    Type: 2
    Rate: 0
    EntryType: 1
    Argument04: 1214
    Argument08: 0
    Argument0c: 0
  - Id: 0
    Type: 0
    Rate: 0
    EntryType: 0
    Argument04: 0
    Argument08: 0
    Argument0c: 0
  - Id: 1
    Type: 0
    Rate: 30
    EntryType: 0
    Argument04: 0
    Argument08: 0
    Argument0c: 0
  - Id: 1
    Type: 3
    Rate: 30
    EntryType: 0
    Argument04: 0
    Argument08: 0
    Argument0c: 0
  Signals: []
