- Type: 6
  Flag: 0
  Id: 424
  Teleport:
    Place: 0
    Door: 0
    World: 0
    Unknown: 0
  Unk20: 0
  Unk24: 0
  Entities:
  - ObjectId: 1068
    PositionX: 718.0037841796875
    PositionY: 70.318717956542969
    PositionZ: -414.39349365234375
    RotationX: 0
    RotationY: 0.88843858242034912
    RotationZ: 0
    SpawnType: 0
    SpawnArgument: 0
    Serial: 31
    Argument1: 0
    Argument2: 0
    ReactionCommand: 1480
    SpawnDelay: 0
    Command: 31
    SpawnRange: 0
    Level: 0
    Medal: 0
  EventActivators:
  - Shape: 0
    Option: 1
    PositionX: 968.89251708984375
    PositionY: -1.8185900449752808
    PositionZ: -305.71798706054688
    ScaleX: 152.14900207519531
    ScaleY: 100
    ScaleZ: 47.238601684570312
    RotationX: 0
    RotationY: -1.1563501358032227
    RotationZ: 0
    Flags: 0
    Type: 0
    OnBgGroup: 0
    OffBgGroup: 0
  - Shape: 0
    Option: 0
    PositionX: 401.4342041015625
    PositionY: -55.058460235595703
    PositionZ: -367.47491455078125
    ScaleX: 152.14884948730469
    ScaleY: 100
    ScaleZ: 47.238594055175781
    RotationX: 0
    RotationY: -2.1532161235809326
    RotationZ: 0
    Flags: 0
    Type: 0
    OnBgGroup: 0
    OffBgGroup: 0
  - Shape: 0
    Option: 0
    PositionX: 705.7435302734375
    PositionY: -4.199580192565918
    PositionZ: -620.46331787109375
    ScaleX: 239.97265625
    ScaleY: 100
    ScaleZ: 47.238594055175781
    RotationX: 0
    RotationY: -3.1128802299499512
    RotationZ: 0
    Flags: 0
    Type: 0
    OnBgGroup: 0
    OffBgGroup: 0
  WalkPath:
  - Serial: 44
    Flag: 1
    Id: 0
    Positions:
    - X: 592.2078857421875
      Y: 59.747428894042969
      Z: -549.84869384765625
    - X: 871.49212646484375
      Y: 111.51061248779297
      Z: -513.7403564453125
    - X: 833.477294921875
      Y: 88.453727722167969
      Z: -390.92330932617188
    - X: 669.72113037109375
      Y: 63.462757110595703
      Z: -428.9381103515625
    - X: 496.0452880859375
      Y: 57.898063659667969
      Z: -561.58514404296875
    - X: 433.16180419921875
      Y: 53.105094909667969
      Z: -504.10174560546875
    - X: 446.3118896484375
      Y: 44.274539947509766
      Z: -328.82110595703125
    - X: 352.15570068359375
      Y: 38.962749481201172
      Z: -282.47470092773438
    - X: 277.11669921875
      Y: 46.103668212890625
      Z: -434.20339965820312
    - X: 425.4661865234375
      Y: 58.040401458740234
      Z: -594.39141845703125
    - X: 1008.9302978515625
      Y: 142.95567321777344
      Z: -563.45208740234375
    - X: 886.11322021484375
      Y: 65.764259338378906
      Z: -165.75849914550781
    - X: 547.19940185546875
      Y: 42.609481811523438
      Z: -204.35609436035156
    - X: 377.227294921875
      Y: 46.512458801269531
      Z: -410.27459716796875
    - X: 315.27999877929688
      Y: 52.668239593505859
      Z: -527.72528076171875
    - X: 376.2677001953125
      Y: 54.591670989990234
      Z: -545.54205322265625
    - X: 502.205810546875
      Y: 50.164661407470703
      Z: -411.39630126953125
  ReturnParameters:
  - Id: 0
    Type: 2
    Rate: 0
    EntryType: 1
    Argument04: 1066
    Argument08: 0
    Argument0c: 0
  - Id: 0
    Type: 2
    Rate: 0
    EntryType: 1
    Argument04: 1214
    Argument08: 0
    Argument0c: 0
  - Id: 0
    Type: 0
    Rate: 0
    EntryType: 0
    Argument04: 0
    Argument08: 0
    Argument0c: 0
  - Id: 1
    Type: 0
    Rate: 30
    EntryType: 0
    Argument04: 0
    Argument08: 0
    Argument0c: 0
  - Id: 1
    Type: 3
    Rate: 30
    EntryType: 0
    Argument04: 0
    Argument08: 0
    Argument0c: 0
  Signals: []
