- Type: 6
  Flag: 0
  Id: 154
  Teleport:
    Place: 0
    Door: 0
    World: 0
    Unknown: 0
  Unk20: 0
  Unk24: 0
  Entities:
  - ObjectId: 1214
    PositionX: 197.09280395507812
    PositionY: 6.357090950012207
    PositionZ: 285.02951049804688
    RotationX: 0
    RotationY: 0
    RotationZ: 0
    SpawnType: 0
    SpawnArgument: 0
    Serial: 18
    Argument1: 0
    Argument2: 0
    ReactionCommand: 573
    SpawnDelay: 0
    Command: 31
    SpawnRange: 0
    Level: 0
    Medal: 0
  EventActivators:
  - Shape: 0
    Option: 1
    PositionX: 291.82168579101562
    PositionY: -78.0982666015625
    PositionZ: 23.936069488525391
    ScaleX: 177.40299987792969
    ScaleY: 100
    ScaleZ: 45.041149139404297
    RotationX: 0
    RotationY: -0.95206856727600098
    RotationZ: 0
    Flags: 0
    Type: 0
    OnBgGroup: 0
    OffBgGroup: 0
  - Shape: 0
    Option: 0
    PositionX: 77.876266479492188
    PositionY: -83.918556213378906
    PositionZ: 45.732990264892578
    ScaleX: 79.295303344726562
    ScaleY: 100
    ScaleZ: 40.09698486328125
    RotationX: 0
    RotationY: -0.95206856727600098
    RotationZ: 0
    Flags: 0
    Type: 0
    OnBgGroup: 0
    OffBgGroup: 0
  WalkPath:
  - Serial: 46
    Flag: 1
    Id: 0
    Positions:
    - X: 175.05299377441406
      Y: 11.62460994720459
      Z: 153.78919982910156
    - X: 54.060100555419922
      Y: 12.363338470458984
      Z: 102.56278991699219
    - X: 110.30989837646484
      Y: 20.605989456176758
      Z: -17.525600433349609
    - X: 95.987266540527344
      Y: 26.229650497436523
      Z: -111.54810333251953
    - X: 183.21736145019531
      Y: 30.043859481811523
      Z: -156.94769287109375
    - X: 345.85238647460938
      Y: 25.960590362548828
      Z: -24.891899108886719
    - X: 275.45840454101562
      Y: 16.438812255859375
      Z: 138.96282958984375
    - X: 195.08604431152344
      Y: 16.702793121337891
      Z: 70.958389282226562
    - X: 280.09689331054688
      Y: 32.342971801757812
      Z: -174.33479309082031
    - X: 385.79730224609375
      Y: 32.760761260986328
      Z: -133.7510986328125
  ReturnParameters:
  - Id: 0
    Type: 2
    Rate: 0
    EntryType: 1
    Argument04: 1066
    Argument08: 0
    Argument0c: 0
  - Id: 0
    Type: 2
    Rate: 0
    EntryType: 1
    Argument04: 1068
    Argument08: 0
    Argument0c: 0
  - Id: 0
    Type: 0
    Rate: 0
    EntryType: 0
    Argument04: 0
    Argument08: 0
    Argument0c: 0
  - Id: 1
    Type: 0
    Rate: 30
    EntryType: 0
    Argument04: 0
    Argument08: 0
    Argument0c: 0
  - Id: 1
    Type: 3
    Rate: 30
    EntryType: 0
    Argument04: 0
    Argument08: 0
    Argument0c: 0
  Signals: []
