- Type: 6
  Flag: 0
  Id: 520
  Teleport:
    Place: 0
    Door: 0
    World: 0
    Unknown: 0
  Unk20: 0
  Unk24: 0
  Entities:
  - ObjectId: 1214
    PositionX: -206.22169494628906
    PositionY: 16.707920074462891
    PositionZ: 12.627639770507812
    RotationX: 0
    RotationY: 0
    RotationZ: 0
    SpawnType: 0
    SpawnArgument: 0
    Serial: 34
    Argument1: 0
    Argument2: 0
    ReactionCommand: 1483
    SpawnDelay: 0
    Command: 31
    SpawnRange: 0
    Level: 0
    Medal: 0
  EventActivators:
  - Shape: 0
    Option: 1
    PositionX: -438.93850708007812
    PositionY: -76.5771484375
    PositionZ: -7.8968958854675293
    ScaleX: 132.73539733886719
    ScaleY: 100
    ScaleZ: 45.041149139404297
    RotationX: 0
    RotationY: 0.66395938396453857
    RotationZ: 0
    Flags: 0
    Type: 0
    OnBgGroup: 0
    OffBgGroup: 0
  - Shape: 0
    Option: 0
    PositionX: 273.26629638671875
    PositionY: -66.030838012695312
    PositionZ: -203.60679626464844
    ScaleX: 136.34339904785156
    ScaleY: 100
    ScaleZ: 46.962203979492188
    RotationX: 0
    RotationY: 1.4851869344711304
    RotationZ: 0
    Flags: 0
    Type: 0
    OnBgGroup: 0
    OffBgGroup: 0
  - Shape: 0
    Option: 0
    PositionX: -251.57879638671875
    PositionY: -61.384128570556641
    PositionZ: -344.91030883789062
    ScaleX: 156.60404968261719
    ScaleY: 100
    ScaleZ: 40.09698486328125
    RotationX: 0
    RotationY: 0.13154904544353485
    RotationZ: 0
    Flags: 0
    Type: 0
    OnBgGroup: 0
    OffBgGroup: 0
  WalkPath:
  - Serial: 48
    Flag: 1
    Id: 0
    Positions:
    - X: -276.23251342773438
      Y: 11.908289909362793
      Z: 73.554000854492188
    - X: -511.36480712890625
      Y: 30.579450607299805
      Z: -75.875900268554688
    - X: -724.522216796875
      Y: 42.955448150634766
      Z: -106.64089965820312
    - X: -759.68231201171875
      Y: 51.179298400878906
      Z: -253.87330627441406
    - X: -568.49981689453125
      Y: 41.62738037109375
      Z: -236.29330444335938
    - X: -263.04745483398438
      Y: 20.362979888916016
      Z: -60.493400573730469
    - X: 12.612799644470215
      Y: 23.601650238037109
      Z: -85.61669921875
    - X: 257.45208740234375
      Y: 25.597560882568359
      Z: -64.45770263671875
    - X: 215.13429260253906
      Y: 41.274078369140625
      Z: -345.56939697265625
    - X: -223.15815734863281
      Y: 28.76283073425293
      Z: -194.43400573730469
    - X: -480.59991455078125
      Y: 37.097049713134766
      Z: -220.91079711914062
    - X: -412.47738647460938
      Y: 42.219440460205078
      Z: -361.55081176757812
    - X: -75.678802490234375
      Y: 34.103530883789062
      Z: -270.65008544921875
  ReturnParameters:
  - Id: 0
    Type: 2
    Rate: 0
    EntryType: 1
    Argument04: 1066
    Argument08: 0
    Argument0c: 0
  - Id: 0
    Type: 2
    Rate: 0
    EntryType: 1
    Argument04: 1068
    Argument08: 0
    Argument0c: 0
  - Id: 0
    Type: 0
    Rate: 0
    EntryType: 0
    Argument04: 0
    Argument08: 0
    Argument0c: 0
  - Id: 1
    Type: 0
    Rate: 30
    EntryType: 0
    Argument04: 0
    Argument08: 0
    Argument0c: 0
  - Id: 1
    Type: 3
    Rate: 30
    EntryType: 0
    Argument04: 0
    Argument08: 0
    Argument0c: 0
  Signals: []
