- Type: 2
  Flag: 0
  Id: 123
  Teleport:
    Place: 0
    Door: 0
    World: 0
    Unknown: 0
  Unk20: 0
  Unk24: 0
  Entities:
  - ObjectId: 369
    PositionX: 1113.1180419921875
    PositionY: -1800
    PositionZ: 945.29827880859375
    RotationX: 0
    RotationY: 0
    RotationZ: 0
    SpawnType: 2
    SpawnArgument: 0
    Serial: 182
    Argument1: 0
    Argument2: 0
    ReactionCommand: 0
    SpawnDelay: 30
    Command: 0
    SpawnRange: 0
    Level: 0
    Medal: 0
  - ObjectId: 369
    PositionX: 1113.4599609375
    PositionY: -2000
    PositionZ: 387.41500854492188
    RotationX: 0
    RotationY: 0
    RotationZ: 0
    SpawnType: 2
    SpawnArgument: 0
    Serial: 184
    Argument1: 0
    Argument2: 0
    ReactionCommand: 0
    SpawnDelay: 0
    Command: 0
    SpawnRange: 0
    Level: 0
    Medal: 0
  EventActivators:
  - Shape: 0
    Option: 0
    PositionX: 974.398193359375
    PositionY: -61.984001159667969
    PositionZ: 852.50811767578125
    ScaleX: 600.146484375
    ScaleY: 361.9840087890625
    ScaleZ: 906.5369873046875
    RotationX: 0
    RotationY: -2.4064581394195557
    RotationZ: 0
    Flags: 0
    Type: 0
    OnBgGroup: 0
    OffBgGroup: 0
  WalkPath: []
  ReturnParameters: []
  Signals: []
- Type: 2
  Flag: 0
  Id: 124
  Teleport:
    Place: 0
    Door: 0
    World: 150
    Unknown: 0
  Unk20: 250
  Unk24: 0
  Entities:
  - ObjectId: 369
    PositionX: -356.42098999023438
    PositionY: -1500
    PositionZ: -981.79248046875
    RotationX: 0
    RotationY: 0
    RotationZ: 0
    SpawnType: 2
    SpawnArgument: 2
    Serial: 186
    Argument1: 0
    Argument2: 0
    ReactionCommand: 0
    SpawnDelay: 100
    Command: 0
    SpawnRange: 800
    Level: 0
    Medal: 0
  - ObjectId: 371
    PositionX: 13.249449729919434
    PositionY: -1500
    PositionZ: -318.10140991210938
    RotationX: 0
    RotationY: 0
    RotationZ: 0
    SpawnType: 2
    SpawnArgument: 2
    Serial: 188
    Argument1: 0
    Argument2: 0
    ReactionCommand: 0
    SpawnDelay: 150
    Command: 0
    SpawnRange: 800
    Level: 0
    Medal: 0
  EventActivators:
  - Shape: 1
    Option: 0
    PositionX: -221.25270080566406
    PositionY: -61.984001159667969
    PositionZ: -298.23028564453125
    ScaleX: 1570.58349609375
    ScaleY: 361.9840087890625
    ScaleZ: 1562.720458984375
    RotationX: 0
    RotationY: -2.4064581394195557
    RotationZ: 0
    Flags: 0
    Type: 0
    OnBgGroup: 0
    OffBgGroup: 0
  WalkPath: []
  ReturnParameters:
  - Id: 0
    Type: 0
    Rate: 0
    EntryType: 0
    Argument04: 0
    Argument08: 0
    Argument0c: 0
  - Id: 0
    Type: 0
    Rate: 0
    EntryType: 0
    Argument04: 0
    Argument08: 0
    Argument0c: 0
  - Id: 0
    Type: 0
    Rate: 0
    EntryType: 0
    Argument04: 0
    Argument08: 0
    Argument0c: 0
  Signals: []
- Type: 2
  Flag: 0
  Id: 125
  Teleport:
    Place: 0
    Door: 0
    World: 0
    Unknown: 0
  Unk20: 0
  Unk24: 0
  Entities:
  - ObjectId: 371
    PositionX: -372.87640380859375
    PositionY: -1500
    PositionZ: -270.14410400390625
    RotationX: 0
    RotationY: 0
    RotationZ: 0
    SpawnType: 2
    SpawnArgument: 2
    Serial: 189
    Argument1: 0
    Argument2: 0
    ReactionCommand: 0
    SpawnDelay: 200
    Command: 0
    SpawnRange: 800
    Level: 0
    Medal: 0
  EventActivators:
  - Shape: 1
    Option: 0
    PositionX: -212.43539428710938
    PositionY: -61.984001159667969
    PositionZ: -283.70639038085938
    ScaleX: 1566.771484375
    ScaleY: 361.9840087890625
    ScaleZ: 1559.052490234375
    RotationX: 0
    RotationY: -2.4064581394195557
    RotationZ: 0
    Flags: 0
    Type: 0
    OnBgGroup: 0
    OffBgGroup: 0
  WalkPath: []
  ReturnParameters: []
  Signals: []
