- Type: 1
  Flag: 0
  Id: 13
  Teleport:
    Place: 0
    Door: 0
    World: 0
    Unknown: 0
  Unk20: 0
  Unk24: 0
  Entities:
  - ObjectId: 351
    PositionX: -611.37078857421875
    PositionY: 235.92300415039062
    PositionZ: -731.37078857421875
    RotationX: 0
    RotationY: 2.3561944961547852
    RotationZ: 0
    SpawnType: 0
    SpawnArgument: 0
    Serial: 75
    Argument1: 0
    Argument2: 0
    ReactionCommand: 0
    SpawnDelay: 0
    Command: 0
    SpawnRange: 0
    Level: 0
    Medal: 0
  - ObjectId: 566
    PositionX: 484.64459228515625
    PositionY: 242.98599243164062
    PositionZ: 364.64459228515625
    RotationX: 0
    RotationY: -0.78539818525314331
    RotationZ: 0
    SpawnType: 0
    SpawnArgument: 0
    Serial: 85
    Argument1: 0
    Argument2: 0
    ReactionCommand: 0
    SpawnDelay: 0
    Command: 0
    SpawnRange: 0
    Level: 0
    Medal: 0
  - ObjectId: 567
    PositionX: 626.06597900390625
    PositionY: 242.98599243164062
    PositionZ: 364.64471435546875
    RotationX: 0
    RotationY: -0.78539818525314331
    RotationZ: 0
    SpawnType: 0
    SpawnArgument: 0
    Serial: 86
    Argument1: 0
    Argument2: 0
    ReactionCommand: 0
    SpawnDelay: 0
    Command: 0
    SpawnRange: 0
    Level: 0
    Medal: 0
  - ObjectId: 568
    PositionX: 484.64459228515625
    PositionY: 251.10769653320312
    PositionZ: 506.06600952148438
    RotationX: 0
    RotationY: -0.78539818525314331
    RotationZ: 0
    SpawnType: 0
    SpawnArgument: 0
    Serial: 87
    Argument1: 0
    Argument2: 0
    ReactionCommand: 0
    SpawnDelay: 0
    Command: 0
    SpawnRange: 0
    Level: 0
    Medal: 0
  EventActivators: []
  WalkPath: []
  ReturnParameters: []
  Signals: []
