- Type: 1
  Flag: 0
  Id: 16
  Teleport:
    Place: 0
    Door: 0
    World: 0
    Unknown: 0
  Unk20: 0
  Unk24: 0
  Entities:
  - ObjectId: 566
    PositionX: 1156.31494140625
    PositionY: 18.742069244384766
    PositionZ: 1141.1949462890625
    RotationX: 0
    RotationY: 2.3561944961547852
    RotationZ: 0
    SpawnType: 1
    SpawnArgument: 50
    Serial: 96
    Argument1: 0
    Argument2: 0
    ReactionCommand: 0
    SpawnDelay: 0
    Command: 0
    SpawnRange: 0
    Level: 0
    Medal: 0
  - ObjectId: 567
    PositionX: 1014.8939819335938
    PositionY: 5.1254348754882812
    PositionZ: 1141.1949462890625
    RotationX: 0
    RotationY: 2.3561944961547852
    RotationZ: 0
    SpawnType: 1
    SpawnArgument: 50
    Serial: 97
    Argument1: 0
    Argument2: 0
    ReactionCommand: 0
    SpawnDelay: 0
    Command: 0
    SpawnRange: 0
    Level: 0
    Medal: 0
  - ObjectId: 568
    PositionX: 1156.31494140625
    PositionY: 18.64409065246582
    PositionZ: 999.77392578125
    RotationX: 0
    RotationY: 2.3561944961547852
    RotationZ: 0
    SpawnType: 1
    SpawnArgument: 50
    Serial: 98
    Argument1: 0
    Argument2: 0
    ReactionCommand: 0
    SpawnDelay: 0
    Command: 0
    SpawnRange: 0
    Level: 0
    Medal: 0
  EventActivators: []
  WalkPath: []
  ReturnParameters: []
  Signals: []
