- Type: 6
  Flag: 0
  Id: 1143
  Teleport:
    Place: 0
    Door: 0
    World: 0
    Unknown: 0
  Unk20: 0
  Unk24: 0
  Entities:
  - ObjectId: 1058
    PositionX: 37.242908477783203
    PositionY: -3.1375599064631388E-05
    PositionZ: 2080.12109375
    RotationX: 0
    RotationY: 2.6511096954345703
    RotationZ: 0
    SpawnType: 0
    SpawnArgument: 0
    Serial: 1106
    Argument1: 0
    Argument2: 0
    ReactionCommand: 1341
    SpawnDelay: 0
    Command: 31
    SpawnRange: 0
    Level: 0
    Medal: 0
  EventActivators:
  - Shape: 0
    Option: 1
    PositionX: 163.04649353027344
    PositionY: -100
    PositionZ: 1876.8060302734375
    ScaleX: 112.78500366210938
    ScaleY: 100
    ScaleZ: 57.992500305175781
    RotationX: 0
    RotationY: -2.5573627948760986
    RotationZ: 0
    Flags: 0
    Type: 0
    OnBgGroup: 0
    OffBgGroup: 0
  - Shape: 0
    Option: 0
    PositionX: -155.43809509277344
    PositionY: -100.00005340576172
    PositionZ: 2151.14404296875
    ScaleX: 112.78510284423828
    ScaleY: 100.00005340576172
    ScaleZ: 57.992649078369141
    RotationX: 0
    RotationY: -2.5573627948760986
    RotationZ: 0
    Flags: 0
    Type: 0
    OnBgGroup: 0
    OffBgGroup: 0
  - Shape: 0
    Option: 0
    PositionX: 8.5341644287109375
    PositionY: -100.00005340576172
    PositionZ: 1977.7120361328125
    ScaleX: 112.78510284423828
    ScaleY: 100.00005340576172
    ScaleZ: 57.992649078369141
    RotationX: 0
    RotationY: -2.5573627948760986
    RotationZ: 0
    Flags: 0
    Type: 0
    OnBgGroup: 0
    OffBgGroup: 0
  WalkPath:
  - Serial: 1109
    Flag: 1
    Id: 0
    Positions:
    - X: -112.29959869384766
      Y: -2.2816489945398644E-05
      Z: 2159.027099609375
    - X: -119.73390960693359
      Y: -10.000022888183594
      Z: 1988.549560546875
    - X: 167.02740478515625
      Y: -10.000032424926758
      Z: 2140.27783203125
    - X: 277.14529418945312
      Y: -10.000022888183594
      Z: 2006.5743408203125
    - X: 186.25489807128906
      Y: -10.000052452087402
      Z: 1876.301513671875
    - X: -1.6090999841690063
      Y: -10.000052452087402
      Z: 1849.0718994140625
    - X: 75.342597961425781
      Y: -10.000072479248047
      Z: 2220.171142578125
    - X: -270.489501953125
      Y: -10.000032424926758
      Z: 2068.59228515625
    - X: -182.51069641113281
      Y: -10.000052452087402
      Z: 1941.6055908203125
    - X: -91.039772033691406
      Y: -10.000042915344238
      Z: 1932.1446533203125
    - X: 134.72279357910156
      Y: -10.000052452087402
      Z: 2063.067138671875
  ReturnParameters:
  - Id: 0
    Type: 0
    Rate: 0
    EntryType: 0
    Argument04: 0
    Argument08: 0
    Argument0c: 0
  - Id: 0
    Type: 0
    Rate: 0
    EntryType: 0
    Argument04: 0
    Argument08: 0
    Argument0c: 0
  - Id: 0
    Type: 0
    Rate: 0
    EntryType: 0
    Argument04: 0
    Argument08: 0
    Argument0c: 0
  - Id: 1
    Type: 0
    Rate: 30
    EntryType: 3
    Argument04: 1107212548
    Argument08: -1207473095
    Argument0c: 1160610750
  - Id: 1
    Type: 0
    Rate: 10
    EntryType: 2
    Argument04: 0
    Argument08: 0
    Argument0c: 0
  - Id: 1
    Type: 3
    Rate: 30
    EntryType: 0
    Argument04: 0
    Argument08: 0
    Argument0c: 0
  Signals: []
