- Type: 1
  Flag: 0
  Id: 29
  Teleport:
    Place: 0
    Door: 0
    World: 0
    Unknown: 0
  Unk20: 0
  Unk24: 0
  Entities:
  - ObjectId: 566
    PositionX: 3130.697021484375
    PositionY: -0.00013227640010882169
    PositionZ: 962.66162109375
    RotationX: 0
    RotationY: -1.5707963705062866
    RotationZ: 0
    SpawnType: 1
    SpawnArgument: 50
    Serial: 128
    Argument1: 0
    Argument2: 0
    ReactionCommand: 0
    SpawnDelay: 0
    Command: 0
    SpawnRange: 0
    Level: 0
    Medal: 0
  - ObjectId: 567
    PositionX: 3230.697021484375
    PositionY: -6.6138200054410845E-05
    PositionZ: 862.66162109375
    RotationX: 0
    RotationY: -1.5707963705062866
    RotationZ: 0
    SpawnType: 1
    SpawnArgument: 50
    Serial: 129
    Argument1: 0
    Argument2: 0
    ReactionCommand: 0
    SpawnDelay: 0
    Command: 0
    SpawnRange: 0
    Level: 0
    Medal: 0
  - ObjectId: 568
    PositionX: 3230.697021484375
    PositionY: -6.6138200054410845E-05
    PositionZ: 1062.6619873046875
    RotationX: 0
    RotationY: -1.5707963705062866
    RotationZ: 0
    SpawnType: 1
    SpawnArgument: 50
    Serial: 130
    Argument1: 0
    Argument2: 0
    ReactionCommand: 0
    SpawnDelay: 0
    Command: 0
    SpawnRange: 0
    Level: 0
    Medal: 0
  EventActivators: []
  WalkPath: []
  ReturnParameters: []
  Signals: []
