- Type: 1
  Flag: 0
  Id: 30
  Teleport:
    Place: 0
    Door: 0
    World: 0
    Unknown: 0
  Unk20: 0
  Unk24: 0
  Entities:
  - ObjectId: 566
    PositionX: -64.328689575195312
    PositionY: 0.00016839240561239421
    PositionZ: 1990.7540283203125
    RotationX: 0
    RotationY: -1.5707963705062866
    RotationZ: 0
    SpawnType: 1
    SpawnArgument: 51
    Serial: 131
    Argument1: 0
    Argument2: 0
    ReactionCommand: 0
    SpawnDelay: 0
    Command: 0
    SpawnRange: 0
    Level: 0
    Medal: 0
  - ObjectId: 567
    PositionX: 35.671310424804688
    PositionY: 8.4196217358112335E-05
    PositionZ: 1890.7540283203125
    RotationX: 0
    RotationY: -1.5707963705062866
    RotationZ: 0
    SpawnType: 1
    SpawnArgument: 51
    Serial: 132
    Argument1: 0
    Argument2: 0
    ReactionCommand: 0
    SpawnDelay: 0
    Command: 0
    SpawnRange: 0
    Level: 0
    Medal: 0
  - ObjectId: 568
    PositionX: 35.671310424804688
    PositionY: 8.4196217358112335E-05
    PositionZ: 2090.75390625
    RotationX: 0
    RotationY: -1.5707963705062866
    RotationZ: 0
    SpawnType: 1
    SpawnArgument: 51
    Serial: 133
    Argument1: 0
    Argument2: 0
    ReactionCommand: 0
    SpawnDelay: 0
    Command: 0
    SpawnRange: 0
    Level: 0
    Medal: 0
  EventActivators: []
  WalkPath: []
  ReturnParameters: []
  Signals: []
