- Type: 1
  Flag: 0
  Id: 31
  Teleport:
    Place: 0
    Door: 0
    World: 0
    Unknown: 0
  Unk20: 0
  Unk24: 0
  Entities:
  - ObjectId: 566
    PositionX: -1594.2950439453125
    PositionY: -0.00015587070083711296
    PositionZ: 2002.0810546875
    RotationX: 0
    RotationY: 1.5707963705062866
    RotationZ: 0
    SpawnType: 1
    SpawnArgument: 52
    Serial: 134
    Argument1: 0
    Argument2: 0
    ReactionCommand: 0
    SpawnDelay: 0
    Command: 0
    SpawnRange: 0
    Level: 0
    Medal: 0
  - ObjectId: 567
    PositionX: -1694.2950439453125
    PositionY: -7.7935328590683639E-05
    PositionZ: 2102.0810546875
    RotationX: 0
    RotationY: 1.5707963705062866
    RotationZ: 0
    SpawnType: 1
    SpawnArgument: 52
    Serial: 135
    Argument1: 0
    Argument2: 0
    ReactionCommand: 0
    SpawnDelay: 0
    Command: 0
    SpawnRange: 0
    Level: 0
    Medal: 0
  - ObjectId: 568
    PositionX: -1694.2950439453125
    PositionY: -7.7935328590683639E-05
    PositionZ: 1902.0810546875
    RotationX: 0
    RotationY: 1.5707963705062866
    RotationZ: 0
    SpawnType: 1
    SpawnArgument: 52
    Serial: 136
    Argument1: 0
    Argument2: 0
    ReactionCommand: 0
    SpawnDelay: 0
    Command: 0
    SpawnRange: 0
    Level: 0
    Medal: 0
  EventActivators: []
  WalkPath: []
  ReturnParameters: []
  Signals: []
