- Type: 1
  Flag: 0
  Id: 32
  Teleport:
    Place: 0
    Door: 0
    World: 0
    Unknown: 0
  Unk20: 0
  Unk24: 0
  Entities:
  - ObjectId: 566
    PositionX: 3.9796230792999268
    PositionY: 0.00010412339906906709
    PositionZ: 2059.6640625
    RotationX: 0
    RotationY: -3.1415927410125732
    RotationZ: 0
    SpawnType: 1
    SpawnArgument: 53
    Serial: 14
    Argument1: 0
    Argument2: 0
    ReactionCommand: 0
    SpawnDelay: 0
    Command: 0
    SpawnRange: 0
    Level: 0
    Medal: 0
  - ObjectId: 567
    PositionX: 153.97959899902344
    PositionY: 3.3595719287404791E-05
    PositionZ: 2009.6639404296875
    RotationX: 0
    RotationY: -3.1415927410125732
    RotationZ: 0
    SpawnType: 1
    SpawnArgument: 53
    Serial: 137
    Argument1: 0
    Argument2: 0
    ReactionCommand: 0
    SpawnDelay: 0
    Command: 0
    SpawnRange: 0
    Level: 0
    Medal: 0
  - ObjectId: 568
    PositionX: -146.02040100097656
    PositionY: 3.3595719287404791E-05
    PositionZ: 2009.6639404296875
    RotationX: 0
    RotationY: -3.1415927410125732
    RotationZ: 0
    SpawnType: 1
    SpawnArgument: 53
    Serial: 138
    Argument1: 0
    Argument2: 0
    ReactionCommand: 0
    SpawnDelay: 0
    Command: 0
    SpawnRange: 0
    Level: 0
    Medal: 0
  EventActivators: []
  WalkPath: []
  ReturnParameters: []
  Signals: []
