- Type: 1
  Flag: 0
  Id: 38
  Teleport:
    Place: 1
    Door: 1
    World: 2
    Unknown: 0
  Unk20: 0
  Unk24: 0
  Entities: []
  EventActivators:
  - Shape: 0
    Option: 0
    PositionX: 1223.72998046875
    PositionY: -324.56399536132812
    PositionZ: -2941.699951171875
    ScaleX: 100
    ScaleY: 350
    ScaleZ: 436.135986328125
    RotationX: 0
    RotationY: 2.3561944961547852
    RotationZ: 0
    Flags: 0
    Type: 0
    OnBgGroup: 0
    OffBgGroup: 0
  - Shape: 0
    Option: 1
    PositionX: 1370
    PositionY: -316.57620239257812
    PositionZ: -3070
    ScaleX: 550
    ScaleY: 350
    ScaleZ: 300
    RotationX: 0
    RotationY: 2.3561944961547852
    RotationZ: 0
    Flags: 0
    Type: 0
    OnBgGroup: 0
    OffBgGroup: 0
  WalkPath: []
  ReturnParameters: []
  Signals: []
