- Type: 1
  Flag: 0
  Id: 48
  Teleport:
    Place: 15
    Door: 0
    World: 1
    Unknown: 0
  Unk20: 0
  Unk24: 0
  Entities: []
  EventActivators:
  - Shape: 0
    Option: 0
    PositionX: 3895
    PositionY: -131.82440185546875
    PositionZ: 1000
    ScaleX: 50
    ScaleY: 160
    ScaleZ: 100
    RotationX: 0
    RotationY: -3.1415927410125732
    RotationZ: 0
    Flags: 0
    Type: 0
    OnBgGroup: 0
    OffBgGroup: 0
  - Shape: 1
    Option: 1
    PositionX: 4200
    PositionY: -215.49600219726562
    PositionZ: 1000
    ScaleX: 500
    ScaleY: 290
    ScaleZ: 300
    RotationX: 0
    RotationY: -3.1415927410125732
    RotationZ: 0
    Flags: 0
    Type: 0
    OnBgGroup: 0
    OffBgGroup: 0
  WalkPath: []
  ReturnParameters: []
  Signals: []
