- Type: 1
  Flag: 0
  Id: 1276
  Teleport:
    Place: 0
    Door: 0
    World: 0
    Unknown: 0
  Unk20: 0
  Unk24: 0
  Entities:
  - ObjectId: 2242
    PositionX: -238.24800109863281
    PositionY: 8.6993510194588453E-05
    PositionZ: 2364.675048828125
    RotationX: 0
    RotationY: -0.52359879016876221
    RotationZ: 0
    SpawnType: 1
    SpawnArgument: 3
    Serial: 1120
    Argument1: 0
    Argument2: 0
    ReactionCommand: 0
    SpawnDelay: 0
    Command: 0
    SpawnRange: 0
    Level: 0
    Medal: 0
  - ObjectId: 2242
    PositionX: 980.01678466796875
    PositionY: 9.9095457699149847E-05
    PositionZ: -2133.8759765625
    RotationX: 0
    RotationY: -2.6179938316345215
    RotationZ: 0
    SpawnType: 1
    SpawnArgument: 0
    Serial: 1121
    Argument1: 0
    Argument2: 0
    ReactionCommand: 0
    SpawnDelay: 0
    Command: 0
    SpawnRange: 0
    Level: 0
    Medal: 0
  - ObjectId: 2242
    PositionX: 2148.402099609375
    PositionY: -500
    PositionZ: -1254.7459716796875
    RotationX: 0
    RotationY: 0
    RotationZ: 0
    SpawnType: 1
    SpawnArgument: 1
    Serial: 1122
    Argument1: 0
    Argument2: 0
    ReactionCommand: 0
    SpawnDelay: 0
    Command: 0
    SpawnRange: 0
    Level: 0
    Medal: 0
  - ObjectId: 2242
    PositionX: 3099.43798828125
    PositionY: 4.6030250814510509E-05
    PositionZ: -73.747360229492188
    RotationX: 0
    RotationY: -2.0943951606750488
    RotationZ: 0
    SpawnType: 1
    SpawnArgument: 2
    Serial: 1123
    Argument1: 0
    Argument2: 0
    ReactionCommand: 0
    SpawnDelay: 0
    Command: 0
    SpawnRange: 0
    Level: 0
    Medal: 0
  - ObjectId: 2242
    PositionX: 3420.7548828125
    PositionY: -0.0049904738552868366
    PositionZ: 1142.9410400390625
    RotationX: 0
    RotationY: -1.2217304706573486
    RotationZ: 0
    SpawnType: 1
    SpawnArgument: 4
    Serial: 1154
    Argument1: 0
    Argument2: 0
    ReactionCommand: 0
    SpawnDelay: 0
    Command: 0
    SpawnRange: 0
    Level: 0
    Medal: 0
  EventActivators: []
  WalkPath: []
  ReturnParameters: []
  Signals: []
