- Type: 2
  Flag: 0
  Id: 68
  Teleport:
    Place: 0
    Door: 0
    World: 0
    Unknown: 0
  Unk20: 0
  Unk24: 0
  Entities:
  - ObjectId: 303
    PositionX: -510.93399047851562
    PositionY: -500
    PositionZ: 2367.39990234375
    RotationX: 0
    RotationY: 0
    RotationZ: 0
    SpawnType: 2
    SpawnArgument: 0
    Serial: 90
    Argument1: 0
    Argument2: 0
    ReactionCommand: 0
    SpawnDelay: 0
    Command: 0
    SpawnRange: 0
    Level: 0
    Medal: 0
  - ObjectId: 125
    PositionX: -959.80609130859375
    PositionY: -224.98260498046875
    PositionZ: 2526.22802734375
    RotationX: 0
    RotationY: 0
    RotationZ: 0
    SpawnType: 2
    SpawnArgument: 0
    Serial: 91
    Argument1: 0
    Argument2: 0
    ReactionCommand: 0
    SpawnDelay: 0
    Command: 0
    SpawnRange: 0
    Level: 0
    Medal: 0
  - ObjectId: 125
    PositionX: -103.49610137939453
    PositionY: -422.98141479492188
    PositionZ: 2174.035888671875
    RotationX: 0
    RotationY: 0
    RotationZ: 0
    SpawnType: 2
    SpawnArgument: 0
    Serial: 92
    Argument1: 0
    Argument2: 0
    ReactionCommand: 0
    SpawnDelay: 20
    Command: 0
    SpawnRange: 0
    Level: 0
    Medal: 0
  EventActivators:
  - Shape: 0
    Option: 0
    PositionX: -493.01568603515625
    PositionY: -350
    PositionZ: 2348.93994140625
    ScaleX: 1492.800048828125
    ScaleY: 400
    ScaleZ: 460.77999877929688
    RotationX: 0
    RotationY: -0.37524735927581787
    RotationZ: 0
    Flags: 0
    Type: 0
    OnBgGroup: 0
    OffBgGroup: 0
  WalkPath: []
  ReturnParameters: []
  Signals: []
- Type: 2
  Flag: 0
  Id: 69
  Teleport:
    Place: 0
    Door: 0
    World: 0
    Unknown: 0
  Unk20: 0
  Unk24: 0
  Entities:
  - ObjectId: 303
    PositionX: 2479.2451171875
    PositionY: -753.0836181640625
    PositionZ: -657.31158447265625
    RotationX: 0
    RotationY: 0
    RotationZ: 0
    SpawnType: 2
    SpawnArgument: 0
    Serial: 93
    Argument1: 0
    Argument2: 0
    ReactionCommand: 0
    SpawnDelay: 0
    Command: 0
    SpawnRange: 0
    Level: 0
    Medal: 0
  - ObjectId: 303
    PositionX: 2631.1708984375
    PositionY: -1017.5289916992188
    PositionZ: -1686.2650146484375
    RotationX: 0
    RotationY: 0
    RotationZ: 0
    SpawnType: 2
    SpawnArgument: 0
    Serial: 94
    Argument1: 0
    Argument2: 0
    ReactionCommand: 0
    SpawnDelay: 0
    Command: 0
    SpawnRange: 0
    Level: 0
    Medal: 0
  - ObjectId: 125
    PositionX: 2555.531982421875
    PositionY: -958.546875
    PositionZ: -1235.1409912109375
    RotationX: 0
    RotationY: 0
    RotationZ: 0
    SpawnType: 2
    SpawnArgument: 0
    Serial: 511
    Argument1: 0
    Argument2: 0
    ReactionCommand: 0
    SpawnDelay: 25
    Command: 0
    SpawnRange: 0
    Level: 0
    Medal: 0
  - ObjectId: 125
    PositionX: 2813.4150390625
    PositionY: -958.546875
    PositionZ: -1172.1669921875
    RotationX: 0
    RotationY: 0
    RotationZ: 0
    SpawnType: 2
    SpawnArgument: 0
    Serial: 512
    Argument1: 0
    Argument2: 0
    ReactionCommand: 0
    SpawnDelay: 0
    Command: 0
    SpawnRange: 0
    Level: 0
    Medal: 0
  EventActivators:
  - Shape: 0
    Option: 0
    PositionX: 2373.511962890625
    PositionY: -875
    PositionZ: -532.52337646484375
    ScaleX: 417.91650390625
    ScaleY: 325
    ScaleZ: 1075.991943359375
    RotationX: 0
    RotationY: 0.59365260601043701
    RotationZ: 0
    Flags: 0
    Type: 0
    OnBgGroup: 0
    OffBgGroup: 0
  - Shape: 0
    Option: 0
    PositionX: 2505.633056640625
    PositionY: -1225
    PositionZ: -2052.221923828125
    ScaleX: 881.77301025390625
    ScaleY: 225.00004577636719
    ScaleZ: 421.73748779296875
    RotationX: 0
    RotationY: -2.0903842449188232
    RotationZ: 0
    Flags: 0
    Type: 0
    OnBgGroup: 0
    OffBgGroup: 0
  WalkPath: []
  ReturnParameters: []
  Signals: []
