- Type: 1
  Flag: 0
  Id: 16
  Teleport:
    Place: 0
    Door: 0
    World: 0
    Unknown: 0
  Unk20: 0
  Unk24: 0
  Entities:
  - ObjectId: 566
    PositionX: -1999.1070556640625
    PositionY: -0.00011431489838287234
    PositionZ: 3103.23095703125
    RotationX: 0
    RotationY: 1.1344640254974365
    RotationZ: 0
    SpawnType: 1
    SpawnArgument: 50
    Serial: 69
    Argument1: 0
    Argument2: 0
    ReactionCommand: 0
    SpawnDelay: 0
    Command: 0
    SpawnRange: 0
    Level: 0
    Medal: 0
  - ObjectId: 567
    PositionX: -2047.4759521484375
    PositionY: -0.00010850589751498774
    PositionZ: 3236.123046875
    RotationX: 0
    RotationY: 1.1344640254974365
    RotationZ: 0
    SpawnType: 1
    SpawnArgument: 50
    Serial: 70
    Argument1: 0
    Argument2: 0
    ReactionCommand: 0
    SpawnDelay: 0
    Command: 0
    SpawnRange: 0
    Level: 0
    Medal: 0
  - ObjectId: 568
    PositionX: -2132
    PositionY: -8.6626809206791222E-05
    PositionZ: 3054.862060546875
    RotationX: 0
    RotationY: 1.1344640254974365
    RotationZ: 0
    SpawnType: 1
    SpawnArgument: 50
    Serial: 71
    Argument1: 0
    Argument2: 0
    ReactionCommand: 0
    SpawnDelay: 0
    Command: 0
    SpawnRange: 0
    Level: 0
    Medal: 0
  EventActivators: []
  WalkPath: []
  ReturnParameters: []
  Signals: []
