- Type: 1
  Flag: 0
  Id: 70
  Teleport:
    Place: 0
    Door: 0
    World: 0
    Unknown: 0
  Unk20: 0
  Unk24: 0
  Entities:
  - ObjectId: 566
    PositionX: 7.5634188652038574
    PositionY: 5.5766500736353919E-05
    PositionZ: 126.28240203857422
    RotationX: 0
    RotationY: 2.7925267219543457
    RotationZ: 0
    SpawnType: 1
    SpawnArgument: 50
    Serial: 13
    Argument1: 0
    Argument2: 0
    ReactionCommand: 0
    SpawnDelay: 0
    Command: 0
    SpawnRange: 0
    Level: 0
    Medal: 0
  - ObjectId: 567
    PositionX: -120.60790252685547
    PositionY: 5.5766500736353919E-05
    PositionZ: 66.515167236328125
    RotationX: 0
    RotationY: 2.7925267219543457
    RotationZ: 0
    SpawnType: 1
    SpawnArgument: 50
    Serial: 14
    Argument1: 0
    Argument2: 0
    ReactionCommand: 0
    SpawnDelay: 0
    Command: 0
    SpawnRange: 0
    Level: 0
    Medal: 0
  - ObjectId: 568
    PositionX: 67.330680847167969
    PositionY: 5.5766500736353919E-05
    PositionZ: -1.8888339996337891
    RotationX: 0
    RotationY: 2.7925267219543457
    RotationZ: 0
    SpawnType: 1
    SpawnArgument: 50
    Serial: 15
    Argument1: 0
    Argument2: 0
    ReactionCommand: 0
    SpawnDelay: 0
    Command: 0
    SpawnRange: 0
    Level: 0
    Medal: 0
  EventActivators: []
  WalkPath: []
  ReturnParameters: []
  Signals: []
