- Type: 1
  Flag: 0
  Id: 230
  Teleport:
    Place: 0
    Door: 0
    World: 0
    Unknown: 0
  Unk20: 0
  Unk24: 0
  Entities:
  - ObjectId: 566
    PositionX: 90.476821899414062
    PositionY: 459.99978637695312
    PositionZ: -0.538382887840271
    RotationX: 0
    RotationY: -1.5707963705062866
    RotationZ: 0
    SpawnType: 1
    SpawnArgument: 50
    Serial: 74
    Argument1: 0
    Argument2: 0
    ReactionCommand: 0
    SpawnDelay: 0
    Command: 0
    SpawnRange: 0
    Level: 0
    Medal: 0
  - ObjectId: 567
    PositionX: 190.476806640625
    PositionY: 459.9989013671875
    PositionZ: -100.53839874267578
    RotationX: 0
    RotationY: -1.5707963705062866
    RotationZ: 0
    SpawnType: 1
    SpawnArgument: 50
    Serial: 75
    Argument1: 0
    Argument2: 0
    ReactionCommand: 0
    SpawnDelay: 0
    Command: 0
    SpawnRange: 0
    Level: 0
    Medal: 0
  - ObjectId: 568
    PositionX: 190.476806640625
    PositionY: 459.99880981445312
    PositionZ: 99.46160888671875
    RotationX: 0
    RotationY: -1.5707963705062866
    RotationZ: 0
    SpawnType: 1
    SpawnArgument: 50
    Serial: 76
    Argument1: 0
    Argument2: 0
    ReactionCommand: 0
    SpawnDelay: 0
    Command: 0
    SpawnRange: 0
    Level: 0
    Medal: 0
  EventActivators: []
  WalkPath: []
  ReturnParameters: []
  Signals: []
