- Type: 6
  Flag: 0
  Id: 775
  Teleport:
    Place: 0
    Door: 0
    World: 0
    Unknown: 0
  Unk20: 0
  Unk24: 0
  Entities:
  - ObjectId: 1280
    PositionX: -1502.8280029296875
    PositionY: -1.0000009536743164
    PositionZ: 531.04168701171875
    RotationX: 0
    RotationY: 0.70225679874420166
    RotationZ: 0
    SpawnType: 0
    SpawnArgument: 0
    Serial: 69
    Argument1: 0
    Argument2: 0
    ReactionCommand: 676
    SpawnDelay: 0
    Command: 31
    SpawnRange: 0
    Level: 0
    Medal: 0
  EventActivators:
  - Shape: 0
    Option: 1
    PositionX: -1474.4580078125
    PositionY: -100.99998474121094
    PositionZ: 550.97308349609375
    ScaleX: 99.286003112792969
    ScaleY: 100
    ScaleZ: 44.015598297119141
    RotationX: 0
    RotationY: -0.67175281047821045
    RotationZ: 0
    Flags: 0
    Type: 0
    OnBgGroup: 0
    OffBgGroup: 0
  - Shape: 0
    Option: 0
    PositionX: -1611.050048828125
    PositionY: -119.99996185302734
    PositionZ: 383.40078735351562
    ScaleX: 99.286102294921875
    ScaleY: 100
    ScaleZ: 44.015609741210938
    RotationX: 0
    RotationY: -0.39125847816467285
    RotationZ: 0
    Flags: 0
    Type: 0
    OnBgGroup: 0
    OffBgGroup: 0
  WalkPath:
  - Serial: 113
    Flag: 1
    Id: 0
    Positions:
    - X: -1479.5489501953125
      Y: -21.000009536743164
      Z: 346.17550659179688
    - X: -1630.3956298828125
      Y: -21.000019073486328
      Z: 384.63912963867188
    - X: -1720.000244140625
      Y: -0.99998998641967773
      Z: 493.3765869140625
    - X: -1703.6988525390625
      Y: -0.99997997283935547
      Z: 586.87481689453125
    - X: -1605.633544921875
      Y: -0.99997997283935547
      Z: 580.4522705078125
    - X: -1467.2288818359375
      Y: -21.000017166137695
      Z: 404.25137329101562
    - X: -1399.9476318359375
      Y: -20.999990463256836
      Z: 351.95089721679688
    - X: -1292.8621826171875
      Y: -21.000020980834961
      Z: 342.4766845703125
    - X: -1185.5931396484375
      Y: -21.000019073486328
      Z: 384.1063232421875
    - X: -1266.1180419921875
      Y: -0.99998998641967773
      Z: 491.12210083007812
    - X: -1433.1500244140625
      Y: -0.99997997283935547
      Z: 506.9840087890625
    - X: -1581.893798828125
      Y: -0.99997997283935547
      Z: 657.80718994140625
    - X: -1635.0562744140625
      Y: -0.99997997283935547
      Z: 530.63641357421875
    - X: -1422.0867919921875
      Y: -21.000017166137695
      Z: 421.67245483398438
  ReturnParameters:
  - Id: 0
    Type: 0
    Rate: 0
    EntryType: 0
    Argument04: 0
    Argument08: 0
    Argument0c: 0
  - Id: 0
    Type: 0
    Rate: 0
    EntryType: 0
    Argument04: 0
    Argument08: 0
    Argument0c: 0
  - Id: 0
    Type: 0
    Rate: 0
    EntryType: 0
    Argument04: 0
    Argument08: 0
    Argument0c: 0
  - Id: 1
    Type: 0
    Rate: 30
    EntryType: 0
    Argument04: 0
    Argument08: 0
    Argument0c: 0
  - Id: 1
    Type: 3
    Rate: 30
    EntryType: 0
    Argument04: 0
    Argument08: 0
    Argument0c: 0
  Signals: []
