- Type: 6
  Flag: 0
  Id: 999
  Teleport:
    Place: 0
    Door: 0
    World: 0
    Unknown: 0
  Unk20: 0
  Unk24: 0
  Entities:
  - ObjectId: 1284
    PositionX: -903.01641845703125
    PositionY: 9.6694639069028199E-06
    PositionZ: 660.65142822265625
    RotationX: 0
    RotationY: 1.8851528167724609
    RotationZ: 0
    SpawnType: 0
    SpawnArgument: 0
    Serial: 87
    Argument1: 0
    Argument2: 0
    ReactionCommand: 1378
    SpawnDelay: 0
    Command: 31
    SpawnRange: 0
    Level: 0
    Medal: 0
  EventActivators:
  - Shape: 0
    Option: 0
    PositionX: -1120.7440185546875
    PositionY: -99.999992370605469
    PositionZ: 564.5582275390625
    ScaleX: 34.528839111328125
    ScaleY: 100
    ScaleZ: 53.167800903320312
    RotationX: 0
    RotationY: -1.7421045303344727
    RotationZ: 0
    Flags: 0
    Type: 0
    OnBgGroup: 0
    OffBgGroup: 0
  - Shape: 0
    Option: 0
    PositionX: -1114.845947265625
    PositionY: -99.999984741210938
    PositionZ: 764.0203857421875
    ScaleX: 40.862003326416016
    ScaleY: 100
    ScaleZ: 51.121799468994141
    RotationX: 0
    RotationY: 1.5489438772201538
    RotationZ: 0
    Flags: 0
    Type: 0
    OnBgGroup: 0
    OffBgGroup: 0
  - Shape: 0
    Option: 1
    PositionX: -763.92767333984375
    PositionY: -99.999992370605469
    PositionZ: 631.80340576171875
    ScaleX: 52.2021484375
    ScaleY: 100
    ScaleZ: 51.122001647949219
    RotationX: 0
    RotationY: 1.235988974571228
    RotationZ: 0
    Flags: 0
    Type: 0
    OnBgGroup: 0
    OffBgGroup: 0
  WalkPath:
  - Serial: 100
    Flag: 1
    Id: 0
    Positions:
    - X: -797.5501708984375
      Y: -1.2594930012710392E-05
      Z: 833.09918212890625
    - X: -1065.364501953125
      Y: 1.6713740478735417E-05
      Z: 821.8057861328125
    - X: -1094.40478515625
      Y: 1.1636199815256987E-05
      Z: 705.64532470703125
    - X: -767.1260986328125
      Y: 1.1996529792668298E-05
      Z: 713.88861083984375
    - X: -840.987060546875
      Y: 4.6169398046913557E-06
      Z: 545.06341552734375
    - X: -1089.21044921875
      Y: 7.2896800702437758E-06
      Z: 606.20849609375
    - X: -1087.20361328125
      Y: 2.6404400159663055E-06
      Z: 499.84609985351562
    - X: -901.345703125
      Y: 3.4879199120041449E-06
      Z: 519.23419189453125
    - X: -843.57489013671875
      Y: 8.3490103861549869E-06
      Z: 630.443115234375
    - X: -802.39013671875
      Y: 1.3117150047037285E-05
      Z: 739.52545166015625
  ReturnParameters:
  - Id: 0
    Type: 2
    Rate: 0
    EntryType: 1
    Argument04: 1286
    Argument08: 0
    Argument0c: 0
  - Id: 0
    Type: 0
    Rate: 0
    EntryType: 0
    Argument04: 0
    Argument08: 0
    Argument0c: 0
  - Id: 0
    Type: 0
    Rate: 0
    EntryType: 0
    Argument04: 0
    Argument08: 0
    Argument0c: 0
  - Id: 1
    Type: 0
    Rate: 20
    EntryType: 0
    Argument04: 0
    Argument08: 0
    Argument0c: 0
  - Id: 1
    Type: 3
    Rate: 40
    EntryType: 0
    Argument04: 0
    Argument08: 0
    Argument0c: 0
  - Id: 1
    Type: 0
    Rate: 20
    EntryType: 2
    Argument04: 0
    Argument08: 0
    Argument0c: 0
  Signals: []
