- Type: 1
  Flag: 0
  Id: 829
  Teleport:
    Place: 0
    Door: 0
    World: 0
    Unknown: 0
  Unk20: 0
  Unk24: 0
  Entities:
  - ObjectId: 1284
    PositionX: -1090.72705078125
    PositionY: -6.9151002435319242E-07
    PositionZ: 674.03472900390625
    RotationX: 0
    RotationY: 0
    RotationZ: 0
    SpawnType: 0
    SpawnArgument: 0
    Serial: 80
    Argument1: 0
    Argument2: 0
    ReactionCommand: 0
    SpawnDelay: 0
    Command: 0
    SpawnRange: 0
    Level: 0
    Medal: 0
  EventActivators: []
  WalkPath:
  - Serial: 81
    Flag: 1
    Id: 0
    Positions:
    - X: -832.6483154296875
      Y: -7.938560884213075E-06
      Z: 802.43572998046875
    - X: -947.77239990234375
      Y: -10.000005722045898
      Z: 859.9976806640625
    - X: -1013.5576171875
      Y: -10.000018119812012
      Z: 673.60638427734375
    - X: -925.84405517578125
      Y: -10.000018119812012
      Z: 506.40231323242188
    - X: -884.728271484375
      Y: -30.000028610229492
      Z: 402.24240112304688
    - X: -945.0313720703125
      Y: -30.000007629394531
      Z: 240.52049255371094
    - X: -1051.9322509765625
      Y: -30.000007629394531
      Z: 287.1182861328125
    - X: -1079.3427734375
      Y: -10.000027656555176
      Z: 459.80441284179688
    - X: -840.8714599609375
      Y: -10.000018119812012
      Z: 596.85699462890625
    - X: -920.3619384765625
      Y: -10.000007629394531
      Z: 794.21258544921875
    - X: -1087.5660400390625
      Y: -10.000007629394531
      Z: 816.14093017578125
    - X: -1095.7890625
      Y: -10.000018119812012
      Z: 613.30328369140625
    - X: -950.51348876953125
      Y: -10.000027656555176
      Z: 465.28659057617188
    - X: -840.8714599609375
      Y: -10.000018119812012
      Z: 525.589599609375
  ReturnParameters: []
  Signals: []
