- Type: 1
  Flag: 0
  Id: 26
  Teleport:
    Place: 10
    Door: 0
    World: 0
    Unknown: 0
  Unk20: 0
  Unk24: 0
  Entities:
  - ObjectId: 566
    PositionX: -2500
    PositionY: 0.00011568039917619899
    PositionZ: 849.9998779296875
    RotationX: 0
    RotationY: 1.5707963705062866
    RotationZ: 0
    SpawnType: 1
    SpawnArgument: 0
    Serial: 1
    Argument1: 0
    Argument2: 0
    ReactionCommand: 0
    SpawnDelay: 0
    Command: 0
    SpawnRange: 0
    Level: 0
    Medal: 0
  - ObjectId: 567
    PositionX: -2600
    PositionY: 5.7840221415972337E-05
    PositionZ: 950
    RotationX: 0
    RotationY: 1.5707963705062866
    RotationZ: 0
    SpawnType: 1
    SpawnArgument: 0
    Serial: 2
    Argument1: 0
    Argument2: 0
    ReactionCommand: 0
    SpawnDelay: 0
    Command: 0
    SpawnRange: 0
    Level: 0
    Medal: 0
  - ObjectId: 568
    PositionX: -2600
    PositionY: 3.3738480851752684E-05
    PositionZ: 749.99981689453125
    RotationX: 0
    RotationY: 1.5707963705062866
    RotationZ: 0
    SpawnType: 1
    SpawnArgument: 0
    Serial: 3
    Argument1: 0
    Argument2: 0
    ReactionCommand: 0
    SpawnDelay: 0
    Command: 0
    SpawnRange: 0
    Level: 0
    Medal: 0
  EventActivators: []
  WalkPath: []
  ReturnParameters: []
  Signals: []
