- Type: 6
  Flag: 0
  Id: 490
  Teleport:
    Place: 0
    Door: 0
    World: 0
    Unknown: 0
  Unk20: 0
  Unk24: 0
  Entities:
  - ObjectId: 1863
    PositionX: 1404.9759521484375
    PositionY: 139.00010681152344
    PositionZ: -878.39031982421875
    RotationX: 0
    RotationY: -1.5707963705062866
    RotationZ: 0
    SpawnType: 2
    SpawnArgument: 0
    Serial: 78
    Argument1: 0
    Argument2: 0
    ReactionCommand: 0
    SpawnDelay: 0
    Command: 198
    SpawnRange: 0
    Level: 0
    Medal: 0
  EventActivators:
  - Shape: 0
    Option: 1
    PositionX: 773.76300048828125
    PositionY: -50
    PositionZ: -850.0377197265625
    ScaleX: 548.69647216796875
    ScaleY: 350
    ScaleZ: 441.60549926757812
    RotationX: 0
    RotationY: -1.5707963705062866
    RotationZ: 0
    Flags: 0
    Type: 1
    OnBgGroup: 0
    OffBgGroup: 0
  WalkPath: []
  ReturnParameters: []
  Signals: []
- Type: 6
  Flag: 0
  Id: 491
  Teleport:
    Place: 0
    Door: 0
    World: 0
    Unknown: 0
  Unk20: 0
  Unk24: 0
  Entities:
  - ObjectId: 1281
    PositionX: 1235.2220458984375
    PositionY: 148.2095947265625
    PositionZ: 199.8876953125
    RotationX: 0
    RotationY: -1.5707963705062866
    RotationZ: 0
    SpawnType: 2
    SpawnArgument: 0
    Serial: 108
    Argument1: 0
    Argument2: 1
    ReactionCommand: 0
    SpawnDelay: 0
    Command: 199
    SpawnRange: 0
    Level: 0
    Medal: 0
  EventActivators:
  - Shape: 0
    Option: 1
    PositionX: 566.1090087890625
    PositionY: -50
    PositionZ: 157.523193359375
    ScaleX: 452.43325805664062
    ScaleY: 350
    ScaleZ: 561.510009765625
    RotationX: 0
    RotationY: -1.5707963705062866
    RotationZ: 0
    Flags: 0
    Type: 1
    OnBgGroup: 0
    OffBgGroup: 0
  WalkPath: []
  ReturnParameters:
  - Id: 0
    Type: 0
    Rate: 0
    EntryType: 4
    Argument04: 0
    Argument08: 0
    Argument0c: 0
  Signals: []
- Type: 6
  Flag: 0
  Id: 492
  Teleport:
    Place: 0
    Door: 0
    World: 0
    Unknown: 0
  Unk20: 0
  Unk24: 0
  Entities:
  - ObjectId: 1282
    PositionX: -1448.2540283203125
    PositionY: -80.000007629394531
    PositionZ: 1290.697021484375
    RotationX: 0
    RotationY: 0
    RotationZ: 0
    SpawnType: 2
    SpawnArgument: 0
    Serial: 110
    Argument1: 0
    Argument2: 1
    ReactionCommand: 0
    SpawnDelay: 0
    Command: 200
    SpawnRange: 0
    Level: 0
    Medal: 0
  EventActivators:
  - Shape: 0
    Option: 1
    PositionX: -1375.9229736328125
    PositionY: -250
    PositionZ: 714.67877197265625
    ScaleX: 482.02520751953125
    ScaleY: 250
    ScaleZ: 630.72198486328125
    RotationX: 0
    RotationY: -1.5707963705062866
    RotationZ: 0
    Flags: 0
    Type: 1
    OnBgGroup: 0
    OffBgGroup: 0
  WalkPath: []
  ReturnParameters:
  - Id: 0
    Type: 0
    Rate: 0
    EntryType: 4
    Argument04: 0
    Argument08: 0
    Argument0c: 0
  Signals: []
- Type: 6
  Flag: 0
  Id: 493
  Teleport:
    Place: 0
    Door: 0
    World: 0
    Unknown: 0
  Unk20: 0
  Unk24: 0
  Entities:
  - ObjectId: 1283
    PositionX: 53.188728332519531
    PositionY: 77.968338012695312
    PositionZ: -1367.9840087890625
    RotationX: 0
    RotationY: -3.1415927410125732
    RotationZ: 0
    SpawnType: 2
    SpawnArgument: 0
    Serial: 109
    Argument1: 0
    Argument2: 1
    ReactionCommand: 0
    SpawnDelay: 0
    Command: 197
    SpawnRange: 0
    Level: 0
    Medal: 0
  EventActivators:
  - Shape: 0
    Option: 1
    PositionX: -90.285636901855469
    PositionY: -50
    PositionZ: -803.12969970703125
    ScaleX: 414.64654541015625
    ScaleY: 350
    ScaleZ: 503.29998779296875
    RotationX: 0
    RotationY: 3.1415927410125732
    RotationZ: 0
    Flags: 0
    Type: 1
    OnBgGroup: 0
    OffBgGroup: 0
  WalkPath: []
  ReturnParameters: []
  Signals: []
