- Type: 6
  Flag: 0
  Id: 100
  Teleport:
    Place: 0
    Door: 0
    World: 0
    Unknown: 0
  Unk20: 0
  Unk24: 0
  Entities:
  - ObjectId: 1102
    PositionX: -246.64759826660156
    PositionY: 5.359996976039838E-06
    PositionZ: 307.8822021484375
    RotationX: 0
    RotationY: 0.55140167474746704
    RotationZ: 0
    SpawnType: 0
    SpawnArgument: 0
    Serial: 39
    Argument1: 0
    Argument2: 0
    ReactionCommand: 222
    SpawnDelay: 0
    Command: 31
    SpawnRange: 0
    Level: 0
    Medal: 0
  EventActivators:
  - Shape: 0
    Option: 2
    PositionX: 395.02499389648438
    PositionY: -100.00032043457031
    PositionZ: 149.92070007324219
    ScaleX: 67.694999694824219
    ScaleY: 100
    ScaleZ: 56.057498931884766
    RotationX: 0
    RotationY: 1.578835129737854
    RotationZ: 0
    Flags: 0
    Type: 0
    OnBgGroup: 0
    OffBgGroup: 0
  - Shape: 0
    Option: 1
    PositionX: -298.80648803710938
    PositionY: -100.00027465820312
    PositionZ: 140.35040283203125
    ScaleX: 124.39350128173828
    ScaleY: 100
    ScaleZ: 53.337501525878906
    RotationX: 0
    RotationY: 1.6071208715438843
    RotationZ: 0
    Flags: 0
    Type: 0
    OnBgGroup: 0
    OffBgGroup: 0
  - Shape: 0
    Option: 3
    PositionX: 418.14471435546875
    PositionY: -100.00027465820312
    PositionZ: -162.07090759277344
    ScaleX: 58.311000823974609
    ScaleY: 100
    ScaleZ: 52.645999908447266
    RotationX: 0
    RotationY: -1.587714672088623
    RotationZ: 0
    Flags: 0
    Type: 0
    OnBgGroup: 0
    OffBgGroup: 0
  WalkPath:
  - Serial: 46
    Flag: 1
    Id: 0
    Positions:
    - X: 386.30990600585938
      Y: -2.4673949155840091E-05
      Z: 201.28550720214844
    - X: 197.17619323730469
      Y: -10.000019073486328
      Z: 293.99807739257812
    - X: -233.03289794921875
      Y: -10.000006675720215
      Z: 303.89498901367188
    - X: -307.1802978515625
      Y: -10.000006675720215
      Z: 67.779296875
    - X: -155.13169860839844
      Y: -10.00002384185791
      Z: -54.601299285888672
    - X: 308.43133544921875
      Y: -10.000034332275391
      Z: -247.44349670410156
    - X: 423.39492797851562
      Y: -10.000044822692871
      Z: -139.89689636230469
  ReturnParameters:
  - Id: 1
    Type: 0
    Rate: 40
    EntryType: 3
    Argument04: -1003896272
    Argument08: -1421445811
    Argument0c: 1125571107
  - Id: 1
    Type: 3
    Rate: 30
    EntryType: 0
    Argument04: 0
    Argument08: 0
    Argument0c: 0
  - Id: 2
    Type: 0
    Rate: 30
    EntryType: 3
    Argument04: 1142558510
    Argument08: -1021968384
    Argument0c: 1124987660
  - Id: 2
    Type: 3
    Rate: 30
    EntryType: 0
    Argument04: 0
    Argument08: 0
    Argument0c: 0
  - Id: 3
    Type: 0
    Rate: 30
    EntryType: 3
    Argument04: 1142376228
    Argument08: -1021968384
    Argument0c: -1021658340
  - Id: 3
    Type: 3
    Rate: 30
    EntryType: 0
    Argument04: 0
    Argument08: 0
    Argument0c: 0
  Signals: []
