- Type: 2
  Flag: 0
  Id: 255
  Teleport:
    Place: 0
    Door: 0
    World: 0
    Unknown: 0
  Unk20: 0
  Unk24: 0
  Entities:
  - ObjectId: 372
    PositionX: 1044.1729736328125
    PositionY: -1200
    PositionZ: 1744.6600341796875
    RotationX: 0
    RotationY: 0
    RotationZ: 0
    SpawnType: 2
    SpawnArgument: 0
    Serial: 72
    Argument1: 0
    Argument2: 0
    ReactionCommand: 0
    SpawnDelay: 40
    Command: 0
    SpawnRange: 0
    Level: 0
    Medal: 0
  - ObjectId: 370
    PositionX: -555.82672119140625
    PositionY: -1200
    PositionZ: 1994.6600341796875
    RotationX: 0
    RotationY: 0
    RotationZ: 0
    SpawnType: 2
    SpawnArgument: 0
    Serial: 71
    Argument1: 0
    Argument2: 0
    ReactionCommand: 0
    SpawnDelay: 30
    Command: 0
    SpawnRange: 0
    Level: 0
    Medal: 0
  - ObjectId: 370
    PositionX: 1394.1729736328125
    PositionY: -1200
    PositionZ: 2044.6600341796875
    RotationX: 0
    RotationY: 0
    RotationZ: 0
    SpawnType: 2
    SpawnArgument: 0
    Serial: 73
    Argument1: 0
    Argument2: 0
    ReactionCommand: 0
    SpawnDelay: 0
    Command: 0
    SpawnRange: 0
    Level: 0
    Medal: 0
  EventActivators:
  - Shape: 1
    Option: 0
    PositionX: 135.71150207519531
    PositionY: -50
    PositionZ: 2024.68505859375
    ScaleX: 820.739990234375
    ScaleY: 250
    ScaleZ: 723.7650146484375
    RotationX: 0
    RotationY: 0
    RotationZ: 0
    Flags: 0
    Type: 0
    OnBgGroup: 0
    OffBgGroup: 0
  WalkPath: []
  ReturnParameters: []
  Signals: []
