- Type: 1
  Flag: 0
  Id: 7
  Teleport:
    Place: 7
    Door: 1
    World: 2
    Unknown: 0
  Unk20: 0
  Unk24: 0
  Entities: []
  EventActivators:
  - Shape: 0
    Option: 0
    PositionX: 3450
    PositionY: -1179.8070068359375
    PositionZ: 1450
    ScaleX: 50
    ScaleY: 750
    ScaleZ: 500
    RotationX: 0
    RotationY: -1.3439035415649414
    RotationZ: 0
    Flags: 0
    Type: 0
    OnBgGroup: 0
    OffBgGroup: 0
  - Shape: 0
    Option: 1
    PositionX: 3543.362060546875
    PositionY: -1213.0723876953125
    PositionZ: 1677.5570068359375
    ScaleX: 498.35400390625
    ScaleY: 750
    ScaleZ: 700.7249755859375
    RotationX: 0
    RotationY: -1.4311699867248535
    RotationZ: 0
    Flags: 0
    Type: 0
    OnBgGroup: 0
    OffBgGroup: 0
  - Shape: 0
    Option: 1
    PositionX: 3161.094970703125
    PositionY: -1213.072021484375
    PositionZ: 1561.93701171875
    ScaleX: 498.35400390625
    ScaleY: 750
    ScaleZ: 401.09698486328125
    RotationX: 0
    RotationY: -1.2566370964050293
    RotationZ: 0
    Flags: 0
    Type: 0
    OnBgGroup: 0
    OffBgGroup: 0
  WalkPath: []
  ReturnParameters: []
  Signals: []
