- Type: 1
  Flag: 0
  Id: 182
  Teleport:
    Place: 0
    Door: 0
    World: 0
    Unknown: 0
  Unk20: 0
  Unk24: 0
  Entities:
  - ObjectId: 2099
    PositionX: 2580.886962890625
    PositionY: -1269.1610107421875
    PositionZ: 2121.0419921875
    RotationX: 0
    RotationY: 1.5494217872619629
    RotationZ: 0
    SpawnType: 1
    SpawnArgument: 1
    Serial: 32
    Argument1: 0
    Argument2: 0
    ReactionCommand: 0
    SpawnDelay: 0
    Command: 0
    SpawnRange: 0
    Level: 0
    Medal: 0
  - ObjectId: 2099
    PositionX: -2445.541015625
    PositionY: -173.39649963378906
    PositionZ: 193.45219421386719
    RotationX: 0
    RotationY: -1.448528528213501
    RotationZ: 0
    SpawnType: 1
    SpawnArgument: 0
    Serial: 33
    Argument1: 0
    Argument2: 0
    ReactionCommand: 0
    SpawnDelay: 0
    Command: 0
    SpawnRange: 0
    Level: 0
    Medal: 0
  EventActivators: []
  WalkPath: []
  ReturnParameters: []
  Signals: []
