- Type: 6
  Flag: 0
  Id: 200
  Teleport:
    Place: 0
    Door: 0
    World: 0
    Unknown: 0
  Unk20: 0
  Unk24: 0
  Entities:
  - ObjectId: 1171
    PositionX: 358.44439697265625
    PositionY: 1.7535130609758198E-05
    PositionZ: -502.01119995117188
    RotationX: 0
    RotationY: 0
    RotationZ: 0
    SpawnType: 0
    SpawnArgument: 0
    Serial: 31
    Argument1: 0
    Argument2: 0
    ReactionCommand: 1816
    SpawnDelay: 0
    Command: 642
    SpawnRange: 0
    Level: 0
    Medal: 0
  EventActivators: []
  WalkPath:
  - Serial: 42
    Flag: 1
    Id: 0
    Positions:
    - X: 507.84469604492188
      Y: -1.6213620256166905E-05
      Z: -301.51321411132812
    - X: 349.00729370117188
      Y: -3.5362600101507269E-06
      Z: -277.98245239257812
    - X: 353.02951049804688
      Y: 1.8178590835304931E-05
      Z: -463.00210571289062
    - X: 397.27328491210938
      Y: 1.3607420441985596E-05
      Z: -567.57843017578125
    - X: 629.3052978515625
      Y: 1.4310679944173899E-05
      Z: -544.43450927734375
    - X: 655.33258056640625
      Y: 1.7475340428063646E-05
      Z: -409.960205078125
    - X: 542.66217041015625
      Y: -1.778120008566475E-06
      Z: -338.59219360351562
    - X: 399.08441162109375
      Y: 1.9139799860568019E-06
      Z: -263.93045043945312
    - X: 322.789306640625
      Y: 6.1335299506026786E-06
      Z: -106.83429718017578
    - X: 236.38670349121094
      Y: -1.9578999399527675E-07
      Z: -201.56130981445312
    - X: 212.25369262695312
      Y: 1.9233479179092683E-05
      Z: -438.86911010742188
    - X: 59.411399841308594
      Y: 1.4134860066405963E-05
      Z: -555.51190185546875
    - X: -65.275703430175781
      Y: 1.4838119568594266E-05
      Z: -539.4232177734375
    - X: -179.35270690917969
      Y: 2.0815799871343188E-05
      Z: -424.75860595703125
    - X: -244.72030639648438
      Y: 2.1870679120183922E-05
      Z: -406.93099975585938
    - X: -256.60540771484375
      Y: 1.765114939189516E-05
      Z: -469.327392578125
    - X: -113.54170227050781
      Y: 1.3255789781396743E-05
      Z: -575.6226806640625
    - X: 220.29800415039062
      Y: 1.3431599654722959E-05
      Z: -571.60052490234375
    - X: 590.33721923828125
      Y: 1.9760920622502454E-05
      Z: -426.8026123046875
    - X: 457.95907592773438
      Y: -10.000002861022949
      Z: -240.78286743164062
    - X: 357.05160522460938
      Y: 3.3204998999281088E-06
      Z: -121.11799621582031
    - X: 197.99659729003906
      Y: -1.8158678358304314E-05
      Z: -249.45452880859375
    - X: 373.30059814453125
      Y: 1.7651140296948142E-05
      Z: -400.98849487304688
  ReturnParameters: []
  Signals: []
