- Type: 3
  Flag: 0
  Id: 5
  Teleport:
    Place: 9
    Door: 0
    World: 0
    Unknown: 0
  Unk20: 0
  Unk24: 0
  Entities: []
  EventActivators:
  - Shape: 0
    Option: 0
    PositionX: -10.188170433044434
    PositionY: -750
    PositionZ: 1061.9310302734375
    ScaleX: 589.344482421875
    ScaleY: 750
    ScaleZ: 2242.070068359375
    RotationX: 0
    RotationY: -1.568696141242981
    RotationZ: 0
    Flags: 0
    Type: 0
    OnBgGroup: 0
    OffBgGroup: 0
  WalkPath: []
  ReturnParameters: []
  Signals: []
