- Type: 1
  Flag: 0
  Id: 80
  Teleport:
    Place: 0
    Door: 0
    World: 0
    Unknown: 0
  Unk20: 0
  Unk24: 0
  Entities:
  - ObjectId: 566
    PositionX: -1498.6240234375
    PositionY: 2.2649769562121946E-06
    PositionZ: -512.30169677734375
    RotationX: 0
    RotationY: 3.1415927410125732
    RotationZ: 0
    SpawnType: 1
    SpawnArgument: 50
    Serial: 46
    Argument1: 0
    Argument2: 0
    ReactionCommand: 0
    SpawnDelay: 0
    Command: 0
    SpawnRange: 0
    Level: 0
    Medal: 0
  - ObjectId: 566
    PositionX: -1000.0399780273438
    PositionY: 2.2649769562121946E-06
    PositionZ: -1465.030029296875
    RotationX: 0
    RotationY: 0
    RotationZ: 0
    SpawnType: 1
    SpawnArgument: 51
    Serial: 234
    Argument1: 0
    Argument2: 0
    ReactionCommand: 0
    SpawnDelay: 0
    Command: 0
    SpawnRange: 0
    Level: 0
    Medal: 0
  - ObjectId: 567
    PositionX: -900.03997802734375
    PositionY: -2.1457669845403871E-06
    PositionZ: -1365.030029296875
    RotationX: 0
    RotationY: 0
    RotationZ: 0
    SpawnType: 1
    SpawnArgument: 51
    Serial: 235
    Argument1: 0
    Argument2: 0
    ReactionCommand: 0
    SpawnDelay: 0
    Command: 0
    SpawnRange: 0
    Level: 0
    Medal: 0
  - ObjectId: 568
    PositionX: -1100.0400390625
    PositionY: -2.1457669845403871E-06
    PositionZ: -1365.030029296875
    RotationX: 0
    RotationY: 0
    RotationZ: 0
    SpawnType: 1
    SpawnArgument: 51
    Serial: 236
    Argument1: 0
    Argument2: 0
    ReactionCommand: 0
    SpawnDelay: 0
    Command: 0
    SpawnRange: 0
    Level: 0
    Medal: 0
  EventActivators: []
  WalkPath: []
  ReturnParameters: []
  Signals: []
