- Type: 2
  Flag: 0
  Id: 250
  Teleport:
    Place: 0
    Door: 0
    World: 0
    Unknown: 0
  Unk20: 0
  Unk24: 0
  Entities:
  - ObjectId: 122
    PositionX: -639.326171875
    PositionY: -350
    PositionZ: 170.24549865722656
    RotationX: 0
    RotationY: 0.31744292378425598
    RotationZ: 0
    SpawnType: 2
    SpawnArgument: 0
    Serial: 25
    Argument1: 0
    Argument2: 0
    ReactionCommand: 0
    SpawnDelay: 0
    Command: 0
    SpawnRange: 0
    Level: 0
    Medal: 0
  - ObjectId: 122
    PositionX: 279.4967041015625
    PositionY: -250
    PositionZ: 577.38739013671875
    RotationX: 0
    RotationY: 0.31744292378425598
    RotationZ: 0
    SpawnType: 2
    SpawnArgument: 0
    Serial: 26
    Argument1: 0
    Argument2: 0
    ReactionCommand: 0
    SpawnDelay: 0
    Command: 0
    SpawnRange: 0
    Level: 0
    Medal: 0
  - ObjectId: 16
    PositionX: -132.41290283203125
    PositionY: -3.9561949961353093E-05
    PositionZ: 389.42340087890625
    RotationX: 0
    RotationY: 0.31744292378425598
    RotationZ: 0
    SpawnType: 2
    SpawnArgument: 0
    Serial: 28
    Argument1: 0
    Argument2: 0
    ReactionCommand: 0
    SpawnDelay: 0
    Command: 0
    SpawnRange: 0
    Level: 0
    Medal: 0
  EventActivators:
  - Shape: 1
    Option: 0
    PositionX: 1.0039370059967041
    PositionY: -100
    PositionZ: 571.55352783203125
    ScaleX: 1743.1025390625
    ScaleY: 200
    ScaleZ: 1236.1190185546875
    RotationX: 0
    RotationY: -2.9159269332885742
    RotationZ: 0
    Flags: 0
    Type: 0
    OnBgGroup: 0
    OffBgGroup: 0
  WalkPath: []
  ReturnParameters:
  - Id: 0
    Type: 0
    Rate: 0
    EntryType: 0
    Argument04: 0
    Argument08: 0
    Argument0c: 0
  - Id: 0
    Type: 0
    Rate: 0
    EntryType: 0
    Argument04: 0
    Argument08: 0
    Argument0c: 0
  - Id: 0
    Type: 0
    Rate: 0
    EntryType: 0
    Argument04: 0
    Argument08: 0
    Argument0c: 0
  Signals: []
