- Type: 6
  Flag: 0
  Id: 108
  Teleport:
    Place: 0
    Door: 0
    World: 0
    Unknown: 0
  Unk20: 0
  Unk24: 0
  Entities:
  - ObjectId: 1196
    PositionX: -1759.666015625
    PositionY: -176.29739379882812
    PositionZ: -694.46612548828125
    RotationX: 0
    RotationY: -2.5640318393707275
    RotationZ: 0
    SpawnType: 0
    SpawnArgument: 0
    Serial: 23
    Argument1: 0
    Argument2: 0
    ReactionCommand: 341
    SpawnDelay: 0
    Command: 31
    SpawnRange: 0
    Level: 0
    Medal: 0
  EventActivators:
  - Shape: 0
    Option: 1
    PositionX: -1729.583984375
    PositionY: -259.64080810546875
    PositionZ: -527.839111328125
    ScaleX: 201.55450439453125
    ScaleY: 100
    ScaleZ: 41.139450073242188
    RotationX: 0
    RotationY: -0.032110132277011871
    RotationZ: 0
    Flags: 0
    Type: 0
    OnBgGroup: 0
    OffBgGroup: 0
  - Shape: 0
    Option: 0
    PositionX: -1774.093017578125
    PositionY: -292.2655029296875
    PositionZ: -856.24359130859375
    ScaleX: 144.75234985351562
    ScaleY: 100
    ScaleZ: 41.139453887939453
    RotationX: 0
    RotationY: 0.48783436417579651
    RotationZ: 0
    Flags: 0
    Type: 0
    OnBgGroup: 0
    OffBgGroup: 0
  - Shape: 0
    Option: 0
    PositionX: -1732.3990478515625
    PositionY: -276.37161254882812
    PositionZ: -693.73919677734375
    ScaleX: 76.333396911621094
    ScaleY: 100
    ScaleZ: 41.139453887939453
    RotationX: 0
    RotationY: 0.17278939485549927
    RotationZ: 0
    Flags: 0
    Type: 0
    OnBgGroup: 0
    OffBgGroup: 0
  WalkPath:
  - Serial: 65
    Flag: 1
    Id: 0
    Positions:
    - X: -1818.0150146484375
      Y: -167.19900512695312
      Z: -599.76177978515625
    - X: -1796.3966064453125
      Y: -178.39358520507812
      Z: -698.62811279296875
    - X: -1638.441650390625
      Y: -176.06802368164062
      Z: -686.23931884765625
    - X: -1582.24755859375
      Y: -198.82745361328125
      Z: -822.52392578125
    - X: -1461.1800537109375
      Y: -207.04313659667969
      Z: -706.88232421875
    - X: -1508.329345703125
      Y: -179.32423400878906
      Z: -556.5821533203125
    - X: -1722.669677734375
      Y: -159.49880981445312
      Z: -526.219482421875
    - X: -1933.5269775390625
      Y: -160.98593139648438
      Z: -550.04901123046875
    - X: -2028.884765625
      Y: -177.79681396484375
      Z: -698.28765869140625
    - X: -1913.89501953125
      Y: -195.19505310058594
      Z: -893.1956787109375
    - X: -1655.3350830078125
      Y: -190.20048522949219
      Z: -799.69049072265625
    - X: -1580.80029296875
      Y: -171.5081787109375
      Z: -624.710205078125
  ReturnParameters:
  - Id: 0
    Type: 2
    Rate: 0
    EntryType: 1
    Argument04: 1195
    Argument08: 0
    Argument0c: 0
  - Id: 0
    Type: 0
    Rate: 0
    EntryType: 0
    Argument04: 0
    Argument08: 0
    Argument0c: 0
  - Id: 0
    Type: 0
    Rate: 0
    EntryType: 0
    Argument04: 0
    Argument08: 0
    Argument0c: 0
  - Id: 1
    Type: 0
    Rate: 20
    EntryType: 1
    Argument04: 1200
    Argument08: 0
    Argument0c: 0
  - Id: 1
    Type: 0
    Rate: 0
    EntryType: 2
    Argument04: 0
    Argument08: 0
    Argument0c: 0
  - Id: 1
    Type: 3
    Rate: 30
    EntryType: 0
    Argument04: 0
    Argument08: 0
    Argument0c: 0
  Signals: []
