- Type: 6
  Flag: 0
  Id: 152
  Teleport:
    Place: 0
    Door: 0
    World: 0
    Unknown: 0
  Unk20: 0
  Unk24: 0
  Entities:
  - ObjectId: 1196
    PositionX: 809.62939453125
    PositionY: -229.70289611816406
    PositionZ: -80.507537841796875
    RotationX: 0
    RotationY: -2.5640318393707275
    RotationZ: 0
    SpawnType: 0
    SpawnArgument: 0
    Serial: 25
    Argument1: 0
    Argument2: 0
    ReactionCommand: 343
    SpawnDelay: 0
    Command: 31
    SpawnRange: 0
    Level: 0
    Medal: 0
  EventActivators:
  - Shape: 0
    Option: 1
    PositionX: 1043.4840087890625
    PositionY: -384.4071044921875
    PositionZ: 268.91180419921875
    ScaleX: 292.97259521484375
    ScaleY: 100
    ScaleZ: 59.010250091552734
    RotationX: 0
    RotationY: 0.72376430034637451
    RotationZ: 0
    Flags: 0
    Type: 0
    OnBgGroup: 0
    OffBgGroup: 0
  - Shape: 0
    Option: 0
    PositionX: 795.202392578125
    PositionY: -335.04818725585938
    PositionZ: -242.28500366210938
    ScaleX: 144.75234985351562
    ScaleY: 100
    ScaleZ: 41.139453887939453
    RotationX: 0
    RotationY: 0.48783436417579651
    RotationZ: 0
    Flags: 0
    Type: 0
    OnBgGroup: 0
    OffBgGroup: 0
  - Shape: 0
    Option: 0
    PositionX: 836.896484375
    PositionY: -340.230712890625
    PositionZ: -79.780609130859375
    ScaleX: 76.333396911621094
    ScaleY: 100
    ScaleZ: 41.139453887939453
    RotationX: 0
    RotationY: 0.17278939485549927
    RotationZ: 0
    Flags: 0
    Type: 0
    OnBgGroup: 0
    OffBgGroup: 0
  WalkPath:
  - Serial: 67
    Flag: 1
    Id: 0
    Positions:
    - X: 1036.551025390625
      Y: -290
      Z: 118.85019683837891
    - X: 772.8992919921875
      Y: -225.1549072265625
      Z: -87.589302062988281
    - X: 930.85418701171875
      Y: -272.23776245117188
      Z: -75.200599670410156
    - X: 987.04840087890625
      Y: -285.23672485351562
      Z: -211.48519897460938
    - X: 1585.245849609375
      Y: -290.00009155273438
      Z: 61.535140991210938
    - X: 1275.9678955078125
      Y: -290.00009155273438
      Z: 440.01919555664062
    - X: 846.626220703125
      Y: -231.10794067382812
      Z: 84.819290161132812
    - X: 635.76898193359375
      Y: -191.92514038085938
      Z: 60.989761352539062
    - X: 540.41107177734375
      Y: -182.66859436035156
      Z: -87.2489013671875
    - X: 655.40087890625
      Y: -207.93959045410156
      Z: -282.15689086914062
    - X: 913.9608154296875
      Y: -266.8009033203125
      Z: -188.65170288085938
    - X: 1191.296142578125
      Y: -290.00009155273438
      Z: 34.178371429443359
  ReturnParameters:
  - Id: 0
    Type: 2
    Rate: 0
    EntryType: 1
    Argument04: 1195
    Argument08: 0
    Argument0c: 0
  - Id: 0
    Type: 0
    Rate: 0
    EntryType: 0
    Argument04: 0
    Argument08: 0
    Argument0c: 0
  - Id: 0
    Type: 0
    Rate: 0
    EntryType: 0
    Argument04: 0
    Argument08: 0
    Argument0c: 0
  - Id: 1
    Type: 0
    Rate: 20
    EntryType: 1
    Argument04: 1200
    Argument08: 0
    Argument0c: 0
  - Id: 1
    Type: 0
    Rate: 0
    EntryType: 2
    Argument04: 0
    Argument08: 0
    Argument0c: 0
  - Id: 1
    Type: 3
    Rate: 30
    EntryType: 0
    Argument04: 0
    Argument08: 0
    Argument0c: 0
  Signals: []
