- Type: 6
  Flag: 0
  Id: 1313
  Teleport:
    Place: 0
    Door: 0
    World: 0
    Unknown: 0
  Unk20: 0
  Unk24: 0
  Entities:
  - ObjectId: 1199
    PositionX: 1514.2939453125
    PositionY: -1346.384033203125
    PositionZ: 1886.134033203125
    RotationX: 0
    RotationY: -2.6025128364562988
    RotationZ: 0
    SpawnType: 0
    SpawnArgument: 0
    Serial: 75
    Argument1: 0
    Argument2: 0
    ReactionCommand: 1818
    SpawnDelay: 0
    Command: 31
    SpawnRange: 0
    Level: 0
    Medal: 0
  EventActivators:
  - Shape: 0
    Option: 0
    PositionX: 1110.39404296875
    PositionY: -1528.593017578125
    PositionZ: 1719.3409423828125
    ScaleX: 200.51124572753906
    ScaleY: 100
    ScaleZ: 64.225502014160156
    RotationX: 0
    RotationY: -0.64933860301971436
    RotationZ: 0
    Flags: 0
    Type: 0
    OnBgGroup: 0
    OffBgGroup: 0
  - Shape: 0
    Option: 1
    PositionX: 1249.802978515625
    PositionY: -1464.3800048828125
    PositionZ: 2191.626953125
    ScaleX: 200.51150512695312
    ScaleY: 100
    ScaleZ: 64.225502014160156
    RotationX: 0
    RotationY: -1.1576281785964966
    RotationZ: 0
    Flags: 0
    Type: 0
    OnBgGroup: 0
    OffBgGroup: 0
  - Shape: 0
    Option: 1
    PositionX: 1022.1959838867188
    PositionY: -1518.321044921875
    PositionZ: 2117.655029296875
    ScaleX: 200.51150512695312
    ScaleY: 100
    ScaleZ: 64.225502014160156
    RotationX: 0
    RotationY: -1.1576281785964966
    RotationZ: 0
    Flags: 0
    Type: 0
    OnBgGroup: 0
    OffBgGroup: 0
  WalkPath:
  - Serial: 76
    Flag: 1
    Id: 0
    Positions:
    - X: 1522.6719970703125
      Y: -1349.6309814453125
      Z: 1805.18505859375
    - X: 1536.9193115234375
      Y: -1330.9591064453125
      Z: 2062.8603515625
    - X: 1351.404541015625
      Y: -1375.9046630859375
      Z: 2012.0616455078125
    - X: 1183.8914794921875
      Y: -1359.1180419921875
      Z: 2324.183349609375
    - X: 976.7183837890625
      Y: -1381.1478271484375
      Z: 2348.782470703125
    - X: 1104.7320556640625
      Y: -1438.57568359375
      Z: 1898.484619140625
    - X: 1304.1165771484375
      Y: -1398.4754638671875
      Z: 1813.5772705078125
    - X: 1271.9259033203125
      Y: -1426.366455078125
      Z: 1614.395263671875
    - X: 930.813720703125
      Y: -1460.8363037109375
      Z: 1879.1649169921875
    - X: 1181.62109375
      Y: -1406.3240966796875
      Z: 1984.6993408203125
    - X: 1360.7467041015625
      Y: -1383.3536376953125
      Z: 1799.7158203125
  ReturnParameters:
  - Id: 0
    Type: 0
    Rate: 0
    EntryType: 0
    Argument04: 0
    Argument08: 0
    Argument0c: 0
  - Id: 0
    Type: 0
    Rate: 0
    EntryType: 0
    Argument04: 0
    Argument08: 0
    Argument0c: 0
  - Id: 0
    Type: 0
    Rate: 0
    EntryType: 0
    Argument04: 0
    Argument08: 0
    Argument0c: 0
  - Id: 1
    Type: 0
    Rate: 30
    EntryType: 0
    Argument04: 0
    Argument08: 0
    Argument0c: 0
  - Id: 1
    Type: 3
    Rate: 30
    EntryType: 0
    Argument04: 0
    Argument08: 0
    Argument0c: 0
  Signals: []
