- Type: 6
  Flag: 0
  Id: 103
  Teleport:
    Place: 0
    Door: 0
    World: 0
    Unknown: 0
  Unk20: 0
  Unk24: 0
  Entities:
  - ObjectId: 1198
    PositionX: 579.12921142578125
    PositionY: -1483.10498046875
    PositionZ: 2068.2451171875
    RotationX: 0
    RotationY: 3.0740537643432617
    RotationZ: 0
    SpawnType: 0
    SpawnArgument: 0
    Serial: 27
    Argument1: 0
    Argument2: 0
    ReactionCommand: 332
    SpawnDelay: 0
    Command: 31
    SpawnRange: 0
    Level: 0
    Medal: 0
  EventActivators:
  - Shape: 0
    Option: 0
    PositionX: 260.44869995117188
    PositionY: -1666.81103515625
    PositionZ: 1623.7149658203125
    ScaleX: 210.37660217285156
    ScaleY: 100
    ScaleZ: 56.375648498535156
    RotationX: 0
    RotationY: -1.4253159761428833
    RotationZ: 0
    Flags: 0
    Type: 0
    OnBgGroup: 0
    OffBgGroup: 0
  - Shape: 0
    Option: 1
    PositionX: 600.1309814453125
    PositionY: -1594.5389404296875
    PositionZ: 1789.97900390625
    ScaleX: 210.37649536132812
    ScaleY: 100
    ScaleZ: 56.375499725341797
    RotationX: 0
    RotationY: -1.825900673866272
    RotationZ: 0
    Flags: 0
    Type: 0
    OnBgGroup: 0
    OffBgGroup: 0
  WalkPath:
  - Serial: 83
    Flag: 1
    Id: 0
    Positions:
    - X: 639.6951904296875
      Y: -1490.241943359375
      Z: 1967.426025390625
    - X: 503.35830688476562
      Y: -1495.3719482421875
      Z: 2092.4052734375
    - X: 330.94320678710938
      Y: -1555.2003173828125
      Z: 1756.8658447265625
    - X: 167.09129333496094
      Y: -1605.206787109375
      Z: 1433.5010986328125
    - X: 34.165199279785156
      Y: -1615.611083984375
      Z: 1508.4849853515625
    - X: 10.306599617004395
      Y: -1585.768310546875
      Z: 1777.7454833984375
    - X: 232.247802734375
      Y: -1550.31298828125
      Z: 1893.2398681640625
    - X: 328.01858520507812
      Y: -1584.5570068359375
      Z: 1424.8992919921875
    - X: 658.5797119140625
      Y: -1524.8033447265625
      Z: 1492.677490234375
    - X: 513.7509765625
      Y: -1523.921142578125
      Z: 1777.096435546875
    - X: 205.91299438476562
      Y: -1544.5079345703125
      Z: 2196.4208984375
    - X: -6.1493000984191895
      Y: -1580.1844482421875
      Z: 2027.73046875
    - X: 460.34658813476562
      Y: -1550.0765380859375
      Z: 1535.9346923828125
  ReturnParameters:
  - Id: 0
    Type: 0
    Rate: 0
    EntryType: 0
    Argument04: 0
    Argument08: 0
    Argument0c: 0
  - Id: 0
    Type: 0
    Rate: 0
    EntryType: 0
    Argument04: 0
    Argument08: 0
    Argument0c: 0
  - Id: 0
    Type: 0
    Rate: 0
    EntryType: 0
    Argument04: 0
    Argument08: 0
    Argument0c: 0
  - Id: 1
    Type: 0
    Rate: 30
    EntryType: 0
    Argument04: 0
    Argument08: 0
    Argument0c: 0
  - Id: 1
    Type: 3
    Rate: 30
    EntryType: 0
    Argument04: 0
    Argument08: 0
    Argument0c: 0
  Signals: []
