- Type: 6
  Flag: 0
  Id: 767
  Teleport:
    Place: 0
    Door: 0
    World: 0
    Unknown: 0
  Unk20: 0
  Unk24: 0
  Entities:
  - ObjectId: 1195
    PositionX: 2343.1640625
    PositionY: -281.09640502929688
    PositionZ: -2493.2890625
    RotationX: 0
    RotationY: 0
    RotationZ: 0
    SpawnType: 0
    SpawnArgument: 0
    Serial: 50
    Argument1: 0
    Argument2: 0
    ReactionCommand: 1015
    SpawnDelay: 0
    Command: 31
    SpawnRange: 0
    Level: 0
    Medal: 0
  EventActivators:
  - Shape: 0
    Option: 1
    PositionX: 2387.006103515625
    PositionY: -377.77081298828125
    PositionZ: -2620.513916015625
    ScaleX: 106.12899780273438
    ScaleY: 100
    ScaleZ: 60.898998260498047
    RotationX: 0
    RotationY: -2.4309539794921875
    RotationZ: 0
    Flags: 0
    Type: 0
    OnBgGroup: 0
    OffBgGroup: 0
  - Shape: 0
    Option: 0
    PositionX: 2233.26806640625
    PositionY: -365.412109375
    PositionZ: -2303.3291015625
    ScaleX: 106.12899780273438
    ScaleY: 100
    ScaleZ: 60.898998260498047
    RotationX: 0
    RotationY: -2.0957581996917725
    RotationZ: 0
    Flags: 0
    Type: 0
    OnBgGroup: 0
    OffBgGroup: 0
  WalkPath:
  - Serial: 89
    Flag: 1
    Id: 0
    Positions:
    - X: 2307.301025390625
      Y: -272.74139404296875
      Z: -2681.2529296875
    - X: 2451.012939453125
      Y: -299.48745727539062
      Z: -2568.71484375
    - X: 2388.3896484375
      Y: -288.31497192382812
      Z: -2453.1240234375
    - X: 2178.47216796875
      Y: -251.86836242675781
      Z: -2408.744140625
    - X: 2277.724853515625
      Y: -276.91390991210938
      Z: -2232.144775390625
    - X: 2433.760986328125
      Y: -306.77279663085938
      Z: -2231.8349609375
    - X: 2418.009521484375
      Y: -301.76535034179688
      Z: -2378.002685546875
    - X: 2235.627685546875
      Y: -253.4971923828125
      Z: -2574.96826171875
  ReturnParameters:
  - Id: 0
    Type: 0
    Rate: 0
    EntryType: 0
    Argument04: 0
    Argument08: 0
    Argument0c: 0
  - Id: 0
    Type: 0
    Rate: 0
    EntryType: 0
    Argument04: 0
    Argument08: 0
    Argument0c: 0
  - Id: 0
    Type: 0
    Rate: 0
    EntryType: 0
    Argument04: 0
    Argument08: 0
    Argument0c: 0
  - Id: 1
    Type: 0
    Rate: 30
    EntryType: 0
    Argument04: 0
    Argument08: 0
    Argument0c: 0
  - Id: 1
    Type: 3
    Rate: 30
    EntryType: 0
    Argument04: 0
    Argument08: 0
    Argument0c: 0
  Signals: []
