- Type: 6
  Flag: 0
  Id: 915
  Teleport:
    Place: 0
    Door: 0
    World: 0
    Unknown: 0
  Unk20: 0
  Unk24: 0
  Entities:
  - ObjectId: 1195
    PositionX: 1706.1529541015625
    PositionY: -189.97320556640625
    PositionZ: -2875.56591796875
    RotationX: 0
    RotationY: 0
    RotationZ: 0
    SpawnType: 0
    SpawnArgument: 0
    Serial: 57
    Argument1: 0
    Argument2: 0
    ReactionCommand: 1032
    SpawnDelay: 0
    Command: 31
    SpawnRange: 0
    Level: 0
    Medal: 0
  EventActivators:
  - Shape: 0
    Option: 1
    PositionX: 1749.9949951171875
    PositionY: -296.74978637695312
    PositionZ: -3002.791015625
    ScaleX: 106.12899780273438
    ScaleY: 100
    ScaleZ: 60.898998260498047
    RotationX: 0
    RotationY: -2.4309539794921875
    RotationZ: 0
    Flags: 0
    Type: 0
    OnBgGroup: 0
    OffBgGroup: 0
  - Shape: 0
    Option: 0
    PositionX: 1596.2569580078125
    PositionY: -289.065185546875
    PositionZ: -2685.60498046875
    ScaleX: 106.12899780273438
    ScaleY: 100
    ScaleZ: 60.898998260498047
    RotationX: 0
    RotationY: -2.0957581996917725
    RotationZ: 0
    Flags: 0
    Type: 0
    OnBgGroup: 0
    OffBgGroup: 0
  WalkPath:
  - Serial: 90
    Flag: 1
    Id: 0
    Positions:
    - X: 1670.2900390625
      Y: -189.835205078125
      Z: -3063.530029296875
    - X: 1814.001953125
      Y: -202.27397155761719
      Z: -2950.991943359375
    - X: 1751.378662109375
      Y: -196.68089294433594
      Z: -2835.401123046875
    - X: 1541.4610595703125
      Y: -179.64674377441406
      Z: -2791.021240234375
    - X: 1640.7138671875
      Y: -194.15492248535156
      Z: -2614.421875
    - X: 1796.75
      Y: -210.44595336914062
      Z: -2614.112060546875
    - X: 1780.99853515625
      Y: -193.03169250488281
      Z: -2760.27978515625
    - X: 1598.61669921875
      Y: -170.05160522460938
      Z: -2957.245361328125
  ReturnParameters:
  - Id: 0
    Type: 0
    Rate: 0
    EntryType: 0
    Argument04: 0
    Argument08: 0
    Argument0c: 0
  - Id: 0
    Type: 0
    Rate: 0
    EntryType: 0
    Argument04: 0
    Argument08: 0
    Argument0c: 0
  - Id: 0
    Type: 0
    Rate: 0
    EntryType: 0
    Argument04: 0
    Argument08: 0
    Argument0c: 0
  - Id: 1
    Type: 0
    Rate: 30
    EntryType: 0
    Argument04: 0
    Argument08: 0
    Argument0c: 0
  - Id: 1
    Type: 3
    Rate: 30
    EntryType: 0
    Argument04: 0
    Argument08: 0
    Argument0c: 0
  Signals: []
