- Type: 3
  Flag: 0
  Id: 33
  Teleport:
    Place: 9
    Door: 0
    World: 0
    Unknown: 0
  Unk20: 0
  Unk24: 0
  Entities: []
  EventActivators:
  - Shape: 0
    Option: 0
    PositionX: 2228.469970703125
    PositionY: -1900
    PositionZ: 1317.2740478515625
    ScaleX: 416.9425048828125
    ScaleY: 800
    ScaleZ: 488.03048706054688
    RotationX: 0
    RotationY: 2.268928050994873
    RotationZ: 0
    Flags: 0
    Type: 0
    OnBgGroup: 0
    OffBgGroup: 0
  WalkPath: []
  ReturnParameters: []
  Signals: []
