- Type: 6
  Flag: 0
  Id: 799
  Teleport:
    Place: 0
    Door: 0
    World: 0
    Unknown: 0
  Unk20: 0
  Unk24: 0
  Entities:
  - ObjectId: 1196
    PositionX: 2598.0390625
    PositionY: -210.84609985351562
    PositionZ: -3510.175048828125
    RotationX: 0
    RotationY: 0
    RotationZ: 0
    SpawnType: 0
    SpawnArgument: 0
    Serial: 51
    Argument1: 0
    Argument2: 0
    ReactionCommand: 1016
    SpawnDelay: 0
    Command: 31
    SpawnRange: 0
    Level: 0
    Medal: 0
  EventActivators:
  - Shape: 0
    Option: 1
    PositionX: 2923.02001953125
    PositionY: -306.843505859375
    PositionZ: -4016.3720703125
    ScaleX: 155.05799865722656
    ScaleY: 100
    ScaleZ: 64.856498718261719
    RotationX: 0
    RotationY: 0.49105378985404968
    RotationZ: 0
    Flags: 0
    Type: 0
    OnBgGroup: 0
    OffBgGroup: 0
  - Shape: 0
    Option: 0
    PositionX: 2431.201904296875
    PositionY: -321.52749633789062
    PositionZ: -3267.35595703125
    ScaleX: 124.80145263671875
    ScaleY: 100
    ScaleZ: 64.856399536132812
    RotationX: 0
    RotationY: 0.57467848062515259
    RotationZ: 0
    Flags: 0
    Type: 0
    OnBgGroup: 0
    OffBgGroup: 0
  - Shape: 0
    Option: 0
    PositionX: 2832.321044921875
    PositionY: -320.37051391601562
    PositionZ: -3508.927978515625
    ScaleX: 50.519748687744141
    ScaleY: 100
    ScaleZ: 32.618949890136719
    RotationX: 0
    RotationY: -0.58452838659286499
    RotationZ: 0
    Flags: 0
    Type: 0
    OnBgGroup: 0
    OffBgGroup: 0
  WalkPath:
  - Serial: 91
    Flag: 1
    Id: 0
    Positions:
    - X: 2801.656005859375
      Y: -202.27000427246094
      Z: -4081.799072265625
    - X: 3022.0703125
      Y: -212.81050109863281
      Z: -3958.92041015625
    - X: 3025.0810546875
      Y: -217.06845092773438
      Z: -3785.109130859375
    - X: 2825.8974609375
      Y: -213.79437255859375
      Z: -3667.08251953125
    - X: 2578.0517578125
      Y: -236.45458984375
      Z: -3236.806640625
    - X: 2367.137939453125
      Y: -213.31028747558594
      Z: -3327.054931640625
    - X: 2438.283203125
      Y: -204.36741638183594
      Z: -3467.365234375
    - X: 2717.78662109375
      Y: -218.61268615722656
      Z: -3457.7294921875
    - X: 2865.85693359375
      Y: -219.77171325683594
      Z: -3573.56103515625
    - X: 2654.027099609375
      Y: -211.77468872070312
      Z: -3720.497802734375
    - X: 2644.61181640625
      Y: -207.91212463378906
      Z: -3968.71142578125
  ReturnParameters:
  - Id: 0
    Type: 0
    Rate: 0
    EntryType: 0
    Argument04: 0
    Argument08: 0
    Argument0c: 0
  - Id: 0
    Type: 0
    Rate: 0
    EntryType: 0
    Argument04: 0
    Argument08: 0
    Argument0c: 0
  - Id: 0
    Type: 0
    Rate: 0
    EntryType: 0
    Argument04: 0
    Argument08: 0
    Argument0c: 0
  - Id: 1
    Type: 0
    Rate: 40
    EntryType: 0
    Argument04: 0
    Argument08: 0
    Argument0c: 0
  - Id: 1
    Type: 3
    Rate: 50
    EntryType: 0
    Argument04: 0
    Argument08: 0
    Argument0c: 0
  Signals: []
