- Type: 6
  Flag: 0
  Id: 1071
  Teleport:
    Place: 0
    Door: 0
    World: 0
    Unknown: 0
  Unk20: 0
  Unk24: 0
  Entities:
  - ObjectId: 1198
    PositionX: -1708.95703125
    PositionY: 262.32708740234375
    PositionZ: 372.39678955078125
    RotationX: 0
    RotationY: 0
    RotationZ: 0
    SpawnType: 0
    SpawnArgument: 0
    Serial: 60
    Argument1: 0
    Argument2: 0
    ReactionCommand: 1030
    SpawnDelay: 0
    Command: 31
    SpawnRange: 0
    Level: 0
    Medal: 0
  EventActivators:
  - Shape: 0
    Option: 0
    PositionX: -1596.5830078125
    PositionY: 153.35470581054688
    PositionZ: 240.01069641113281
    ScaleX: 434.19644165039062
    ScaleY: 100
    ScaleZ: 110.73940277099609
    RotationX: 0
    RotationY: -2.0217492580413818
    RotationZ: 0
    Flags: 0
    Type: 0
    OnBgGroup: 0
    OffBgGroup: 0
  - Shape: 0
    Option: 0
    PositionX: -2853.9580078125
    PositionY: 203.57060241699219
    PositionZ: 767.24407958984375
    ScaleX: 331.39895629882812
    ScaleY: 100
    ScaleZ: 110.73940277099609
    RotationX: 0
    RotationY: -1.8668355941772461
    RotationZ: 0
    Flags: 0
    Type: 0
    OnBgGroup: 0
    OffBgGroup: 0
  - Shape: 0
    Option: 1
    PositionX: -2320.77294921875
    PositionY: 206.24290466308594
    PositionZ: 259.02499389648438
    ScaleX: 402.43301391601562
    ScaleY: 100
    ScaleZ: 110.739501953125
    RotationX: 0
    RotationY: -1.4951001405715942
    RotationZ: 0
    Flags: 0
    Type: 0
    OnBgGroup: 0
    OffBgGroup: 0
  WalkPath:
  - Serial: 93
    Flag: 1
    Id: 0
    Positions:
    - X: -1758.43798828125
      Y: 278.86151123046875
      Z: 197.88340759277344
    - X: -1576.2197265625
      Y: 192.42503356933594
      Z: 687.8485107421875
    - X: -2155.269287109375
      Y: 281.87680053710938
      Z: 598.763916015625
    - X: -2652.96435546875
      Y: 330.12796020507812
      Z: 169.6478271484375
    - X: -2926.705078125
      Y: 321.45343017578125
      Z: 501.27450561523438
    - X: -2685.7275390625
      Y: 297.14019775390625
      Z: 1076.5811767578125
    - X: -2382.030029296875
      Y: 267.16983032226562
      Z: 1072.53173828125
    - X: -2241.382568359375
      Y: 315.64169311523438
      Z: -120.12930297851562
    - X: -1778.6845703125
      Y: 286.35556030273438
      Z: -105.81439971923828
    - X: -1497.0428466796875
      Y: 171.14759826660156
      Z: 677.349609375
    - X: -1883.3858642578125
      Y: 222.49186706542969
      Z: 884.18927001953125
    - X: -2236.25537109375
      Y: 300.48712158203125
      Z: 258.62289428710938
  ReturnParameters:
  - Id: 0
    Type: 0
    Rate: 0
    EntryType: 0
    Argument04: 0
    Argument08: 0
    Argument0c: 0
  - Id: 0
    Type: 0
    Rate: 0
    EntryType: 0
    Argument04: 0
    Argument08: 0
    Argument0c: 0
  - Id: 0
    Type: 0
    Rate: 0
    EntryType: 0
    Argument04: 0
    Argument08: 0
    Argument0c: 0
  - Id: 1
    Type: 0
    Rate: 30
    EntryType: 0
    Argument04: 0
    Argument08: 0
    Argument0c: 0
  - Id: 1
    Type: 3
    Rate: 30
    EntryType: 0
    Argument04: 0
    Argument08: 0
    Argument0c: 0
  Signals: []
