- Type: 6
  Flag: 0
  Id: 257
  Teleport:
    Place: 0
    Door: 0
    World: 0
    Unknown: 0
  Unk20: 0
  Unk24: 0
  Entities:
  - ObjectId: 1198
    PositionX: -56.19818115234375
    PositionY: -143.57069396972656
    PositionZ: 3105.52197265625
    RotationX: 0
    RotationY: 0
    RotationZ: 0
    SpawnType: 0
    SpawnArgument: 0
    Serial: 36
    Argument1: 0
    Argument2: 0
    ReactionCommand: 690
    SpawnDelay: 0
    Command: 31
    SpawnRange: 0
    Level: 0
    Medal: 0
  EventActivators:
  - Shape: 0
    Option: 0
    PositionX: 93.11676025390625
    PositionY: -244.23269653320312
    PositionZ: 2959.427978515625
    ScaleX: 434.19644165039062
    ScaleY: 100
    ScaleZ: 110.73940277099609
    RotationX: 0
    RotationY: -2.13800048828125
    RotationZ: 0
    Flags: 0
    Type: 0
    OnBgGroup: 0
    OffBgGroup: 0
  - Shape: 0
    Option: 0
    PositionX: -1201.198974609375
    PositionY: -134.01762390136719
    PositionZ: 3500.368896484375
    ScaleX: 331.39895629882812
    ScaleY: 100
    ScaleZ: 110.73940277099609
    RotationX: 0
    RotationY: -1.8668355941772461
    RotationZ: 0
    Flags: 0
    Type: 0
    OnBgGroup: 0
    OffBgGroup: 0
  - Shape: 0
    Option: 1
    PositionX: -668.01458740234375
    PositionY: -170.0687255859375
    PositionZ: 2992.14990234375
    ScaleX: 402.43301391601562
    ScaleY: 100
    ScaleZ: 110.739501953125
    RotationX: 0
    RotationY: -1.4951001405715942
    RotationZ: 0
    Flags: 0
    Type: 0
    OnBgGroup: 0
    OffBgGroup: 0
  WalkPath:
  - Serial: 95
    Flag: 1
    Id: 0
    Positions:
    - X: -105.67960357666016
      Y: -121.37560272216797
      Z: 2931.008056640625
    - X: 76.5386962890625
      Y: -193.10821533203125
      Z: 3420.97314453125
    - X: -502.51089477539062
      Y: -124.24898529052734
      Z: 3331.888427734375
    - X: -1026.7716064453125
      Y: 4.2741999626159668
      Z: 2825.027587890625
    - X: -1273.9466552734375
      Y: 8.1307001113891602
      Z: 3234.399169921875
    - X: -1032.9693603515625
      Y: -85.068840026855469
      Z: 3809.705810546875
    - X: -729.2716064453125
      Y: -123.78943634033203
      Z: 3805.656494140625
    - X: -588.62432861328125
      Y: -57.145961761474609
      Z: 2612.995361328125
    - X: -125.92617797851562
      Y: -77.209449768066406
      Z: 2627.310302734375
    - X: 349.91018676757812
      Y: -237.77870178222656
      Z: 3503.360107421875
    - X: -210.9613037109375
      Y: -191.37783813476562
      Z: 3716.572021484375
    - X: -583.49700927734375
      Y: -82.564910888671875
      Z: 2991.74755859375
  ReturnParameters:
  - Id: 0
    Type: 0
    Rate: 0
    EntryType: 0
    Argument04: 0
    Argument08: 0
    Argument0c: 0
  - Id: 0
    Type: 0
    Rate: 0
    EntryType: 0
    Argument04: 0
    Argument08: 0
    Argument0c: 0
  - Id: 0
    Type: 0
    Rate: 0
    EntryType: 0
    Argument04: 0
    Argument08: 0
    Argument0c: 0
  - Id: 1
    Type: 0
    Rate: 30
    EntryType: 0
    Argument04: 0
    Argument08: 0
    Argument0c: 0
  - Id: 1
    Type: 3
    Rate: 30
    EntryType: 0
    Argument04: 0
    Argument08: 0
    Argument0c: 0
  Signals: []
