- Type: 6
  Flag: 0
  Id: 1113
  Teleport:
    Place: 0
    Door: 0
    World: 0
    Unknown: 0
  Unk20: 0
  Unk24: 0
  Entities:
  - ObjectId: 1198
    PositionX: 818.56988525390625
    PositionY: -65.26611328125
    PositionZ: -1434.97900390625
    RotationX: 0
    RotationY: 0
    RotationZ: 0
    SpawnType: 0
    SpawnArgument: 0
    Serial: 61
    Argument1: 0
    Argument2: 0
    ReactionCommand: 1367
    SpawnDelay: 0
    Command: 31
    SpawnRange: 0
    Level: 0
    Medal: 0
  EventActivators:
  - Shape: 0
    Option: 0
    PositionX: 967.8848876953125
    PositionY: -171.51408386230469
    PositionZ: -1581.072998046875
    ScaleX: 434.19644165039062
    ScaleY: 100
    ScaleZ: 110.73940277099609
    RotationX: 0
    RotationY: -2.13800048828125
    RotationZ: 0
    Flags: 0
    Type: 0
    OnBgGroup: 0
    OffBgGroup: 0
  - Shape: 0
    Option: 0
    PositionX: -326.43109130859375
    PositionY: 21.114700317382812
    PositionZ: -1040.1319580078125
    ScaleX: 331.39895629882812
    ScaleY: 100
    ScaleZ: 110.73940277099609
    RotationX: 0
    RotationY: -1.8668355941772461
    RotationZ: 0
    Flags: 0
    Type: 0
    OnBgGroup: 0
    OffBgGroup: 0
  - Shape: 0
    Option: 1
    PositionX: 206.75349426269531
    PositionY: -84.384353637695312
    PositionZ: -1548.3509521484375
    ScaleX: 402.43301391601562
    ScaleY: 100
    ScaleZ: 110.739501953125
    RotationX: 0
    RotationY: -1.4951001405715942
    RotationZ: 0
    Flags: 0
    Type: 0
    OnBgGroup: 0
    OffBgGroup: 0
  WalkPath:
  - Serial: 96
    Flag: 1
    Id: 0
    Positions:
    - X: 769.0885009765625
      Y: -67.317962646484375
      Z: -1609.4930419921875
    - X: 951.30682373046875
      Y: -55.608478546142578
      Z: -1119.5279541015625
    - X: 372.2572021484375
      Y: 2.3599300384521484
      Z: -1208.612548828125
    - X: -152.00349426269531
      Y: 84.39044189453125
      Z: -1715.4735107421875
    - X: -399.17849731445312
      Y: 151.61283874511719
      Z: -1306.1019287109375
    - X: -158.20120239257812
      Y: 100.90074157714844
      Z: -730.79522705078125
    - X: 145.49650573730469
      Y: 48.540939331054688
      Z: -734.8446044921875
    - X: 286.143798828125
      Y: 28.882820129394531
      Z: -1927.5057373046875
    - X: 748.8419189453125
      Y: -46.502738952636719
      Z: -1913.1907958984375
    - X: 1224.6783447265625
      Y: -74.37445068359375
      Z: -1037.140869140625
    - X: 663.80682373046875
      Y: -13.449040412902832
      Z: -823.92901611328125
    - X: 291.27108764648438
      Y: 3.211090087890625
      Z: -1548.7535400390625
  ReturnParameters:
  - Id: 0
    Type: 0
    Rate: 0
    EntryType: 0
    Argument04: 0
    Argument08: 0
    Argument0c: 0
  - Id: 0
    Type: 0
    Rate: 0
    EntryType: 0
    Argument04: 0
    Argument08: 0
    Argument0c: 0
  - Id: 0
    Type: 0
    Rate: 0
    EntryType: 0
    Argument04: 0
    Argument08: 0
    Argument0c: 0
  - Id: 1
    Type: 0
    Rate: 30
    EntryType: 0
    Argument04: 0
    Argument08: 0
    Argument0c: 0
  - Id: 1
    Type: 3
    Rate: 30
    EntryType: 0
    Argument04: 0
    Argument08: 0
    Argument0c: 0
  Signals: []
