- Type: 6
  Flag: 0
  Id: 279
  Teleport:
    Place: 0
    Door: 0
    World: 0
    Unknown: 0
  Unk20: 0
  Unk24: 0
  Entities:
  - ObjectId: 1198
    PositionX: -618.27197265625
    PositionY: 156.40130615234375
    PositionZ: -853.5836181640625
    RotationX: 0
    RotationY: -0.78654658794403076
    RotationZ: 0
    SpawnType: 0
    SpawnArgument: 0
    Serial: 37
    Argument1: 0
    Argument2: 0
    ReactionCommand: 685
    SpawnDelay: 0
    Command: 31
    SpawnRange: 0
    Level: 0
    Medal: 0
  EventActivators:
  - Shape: 0
    Option: 1
    PositionX: 126.68720245361328
    PositionY: -41.179821014404297
    PositionZ: -524.9384765625
    ScaleX: 406.55999755859375
    ScaleY: 100
    ScaleZ: 95.720001220703125
    RotationX: 0
    RotationY: -1.4782149791717529
    RotationZ: 0
    Flags: 0
    Type: 0
    OnBgGroup: 0
    OffBgGroup: 0
  - Shape: 0
    Option: 0
    PositionX: -568.4365234375
    PositionY: -11.974300384521484
    PositionZ: -508.28878784179688
    ScaleX: 406.55999755859375
    ScaleY: 100
    ScaleZ: 95.720001220703125
    RotationX: 0
    RotationY: -0.29016152024269104
    RotationZ: 0
    Flags: 0
    Type: 0
    OnBgGroup: 0
    OffBgGroup: 0
  - Shape: 0
    Option: 0
    PositionX: -924.744873046875
    PositionY: 111.33370208740234
    PositionZ: -1360.35595703125
    ScaleX: 280.94448852539062
    ScaleY: 100
    ScaleZ: 149.3216552734375
    RotationX: 0
    RotationY: -0.4898582398891449
    RotationZ: 0
    Flags: 0
    Type: 0
    OnBgGroup: 0
    OffBgGroup: 0
  WalkPath:
  - Serial: 79
    Flag: 1
    Id: 0
    Positions:
    - X: -56.879329681396484
      Y: 83.309776306152344
      Z: -671.8076171875
    - X: -14.68179988861084
      Y: 48.070449829101562
      Z: -271.74600219726562
    - X: -244.55433654785156
      Y: 24.615089416503906
      Z: 136.14649963378906
    - X: -849.04632568359375
      Y: 135.26081848144531
      Z: -164.05740356445312
    - X: -581.897705078125
      Y: 126.648193359375
      Z: -671.65985107421875
    - X: -1138.8563232421875
      Y: 207.00927734375
      Z: -774.37799072265625
    - X: -1026.44384765625
      Y: 214.25538635253906
      Z: -1304.2264404296875
    - X: -539.65380859375
      Y: 187.85017395019531
      Z: -1475.3382568359375
    - X: -386.36233520507812
      Y: 128.98689270019531
      Z: -745.57928466796875
    - X: -502.76242065429688
      Y: 49.335098266601562
      Z: -192.67860412597656
    - X: 21.21476936340332
      Y: 24.401790618896484
      Z: -38.023200988769531
    - X: 120.29956817626953
      Y: 48.351158142089844
      Z: -985.89752197265625
    - X: -294.46014404296875
      Y: 109.34825134277344
      Z: -1006.031494140625
    - X: -1027.336669921875
      Y: 193.88987731933594
      Z: -784.55780029296875
    - X: -1055.1353759765625
      Y: 189.77748107910156
      Z: -372.95721435546875
  ReturnParameters:
  - Id: 0
    Type: 0
    Rate: 0
    EntryType: 0
    Argument04: 0
    Argument08: 0
    Argument0c: 0
  - Id: 0
    Type: 0
    Rate: 0
    EntryType: 0
    Argument04: 0
    Argument08: 0
    Argument0c: 0
  - Id: 0
    Type: 0
    Rate: 0
    EntryType: 0
    Argument04: 0
    Argument08: 0
    Argument0c: 0
  - Id: 1
    Type: 0
    Rate: 30
    EntryType: 0
    Argument04: 0
    Argument08: 0
    Argument0c: 0
  - Id: 1
    Type: 3
    Rate: 30
    EntryType: 0
    Argument04: 0
    Argument08: 0
    Argument0c: 0
  Signals: []
