- Type: 6
  Flag: 0
  Id: 301
  Teleport:
    Place: 0
    Door: 0
    World: 0
    Unknown: 0
  Unk20: 0
  Unk24: 0
  Entities:
  - ObjectId: 1198
    PositionX: 2083.0830078125
    PositionY: -255.37469482421875
    PositionZ: -2111.037109375
    RotationX: 0
    RotationY: -0.78654658794403076
    RotationZ: 0
    SpawnType: 0
    SpawnArgument: 0
    Serial: 38
    Argument1: 0
    Argument2: 0
    ReactionCommand: 687
    SpawnDelay: 0
    Command: 31
    SpawnRange: 0
    Level: 0
    Medal: 0
  EventActivators:
  - Shape: 0
    Option: 1
    PositionX: 2760.425048828125
    PositionY: -466.85540771484375
    PositionZ: -1717.0660400390625
    ScaleX: 406.55999755859375
    ScaleY: 100
    ScaleZ: 95.720001220703125
    RotationX: 0
    RotationY: -1.6658539772033691
    RotationZ: 0
    Flags: 0
    Type: 0
    OnBgGroup: 0
    OffBgGroup: 0
  - Shape: 0
    Option: 0
    PositionX: 2132.9189453125
    PositionY: -363.3363037109375
    PositionZ: -1765.741943359375
    ScaleX: 406.55999755859375
    ScaleY: 100
    ScaleZ: 95.720001220703125
    RotationX: 0
    RotationY: -0.29016152024269104
    RotationZ: 0
    Flags: 0
    Type: 0
    OnBgGroup: 0
    OffBgGroup: 0
  - Shape: 0
    Option: 0
    PositionX: 1776.6109619140625
    PositionY: -306.56240844726562
    PositionZ: -2617.80908203125
    ScaleX: 280.94448852539062
    ScaleY: 100
    ScaleZ: 149.3216552734375
    RotationX: 0
    RotationY: -0.4898582398891449
    RotationZ: 0
    Flags: 0
    Type: 0
    OnBgGroup: 0
    OffBgGroup: 0
  WalkPath:
  - Serial: 97
    Flag: 1
    Id: 0
    Positions:
    - X: 2648.948974609375
      Y: -333.31130981445312
      Z: -1921.16796875
    - X: 2691.146484375
      Y: -394.04791259765625
      Z: -1521.1064453125
    - X: 2461.274169921875
      Y: -471.81350708007812
      Z: -1113.2138671875
    - X: 1856.7818603515625
      Y: -250.45002746582031
      Z: -1413.4178466796875
    - X: 2123.930908203125
      Y: -251.28289794921875
      Z: -1921.020263671875
    - X: 1566.9720458984375
      Y: -170.29389953613281
      Z: -2023.73828125
    - X: 1679.3843994140625
      Y: -197.10299682617188
      Z: -2553.5869140625
    - X: 2166.174560546875
      Y: -252.82264709472656
      Z: -2724.698486328125
    - X: 2319.466064453125
      Y: -281.32992553710938
      Z: -1994.939697265625
    - X: 2203.066162109375
      Y: -354.7047119140625
      Z: -1442.0390625
    - X: 2727.043212890625
      Y: -462.59469604492188
      Z: -1287.383544921875
    - X: 2733.605712890625
      Y: -345.78872680664062
      Z: -2053.27978515625
    - X: 2411.368408203125
      Y: -305.33700561523438
      Z: -2255.39208984375
    - X: 1678.4918212890625
      Y: -186.66270446777344
      Z: -2033.918212890625
    - X: 1650.6929931640625
      Y: -180.42520141601562
      Z: -1622.3177490234375
  ReturnParameters:
  - Id: 0
    Type: 0
    Rate: 0
    EntryType: 0
    Argument04: 0
    Argument08: 0
    Argument0c: 0
  - Id: 0
    Type: 0
    Rate: 0
    EntryType: 0
    Argument04: 0
    Argument08: 0
    Argument0c: 0
  - Id: 0
    Type: 0
    Rate: 0
    EntryType: 0
    Argument04: 0
    Argument08: 0
    Argument0c: 0
  - Id: 1
    Type: 0
    Rate: 30
    EntryType: 0
    Argument04: 0
    Argument08: 0
    Argument0c: 0
  - Id: 1
    Type: 3
    Rate: 30
    EntryType: 0
    Argument04: 0
    Argument08: 0
    Argument0c: 0
  Signals: []
