- Type: 6
  Flag: 0
  Id: 1165
  Teleport:
    Place: 0
    Door: 0
    World: 0
    Unknown: 0
  Unk20: 0
  Unk24: 0
  Entities:
  - ObjectId: 1198
    PositionX: -2628.10498046875
    PositionY: 273.90499877929688
    PositionZ: 1588.0789794921875
    RotationX: 0
    RotationY: -0.78654658794403076
    RotationZ: 0
    SpawnType: 0
    SpawnArgument: 0
    Serial: 62
    Argument1: 0
    Argument2: 0
    ReactionCommand: 1368
    SpawnDelay: 0
    Command: 31
    SpawnRange: 0
    Level: 0
    Medal: 0
  EventActivators:
  - Shape: 0
    Option: 1
    PositionX: -2011.4580078125
    PositionY: 77.867500305175781
    PositionZ: 1993.012939453125
    ScaleX: 348.12603759765625
    ScaleY: 100
    ScaleZ: 95.720001220703125
    RotationX: 0
    RotationY: -1.3797478675842285
    RotationZ: 0
    Flags: 0
    Type: 0
    OnBgGroup: 0
    OffBgGroup: 0
  - Shape: 0
    Option: 0
    PositionX: -2578.27001953125
    PositionY: 146.45770263671875
    PositionZ: 1933.3740234375
    ScaleX: 406.55999755859375
    ScaleY: 100
    ScaleZ: 95.720001220703125
    RotationX: 0
    RotationY: -0.29016152024269104
    RotationZ: 0
    Flags: 0
    Type: 0
    OnBgGroup: 0
    OffBgGroup: 0
  - Shape: 0
    Option: 0
    PositionX: -2927.656982421875
    PositionY: 196.29499816894531
    PositionZ: 1063.0369873046875
    ScaleX: 280.94448852539062
    ScaleY: 100
    ScaleZ: 109.30594635009766
    RotationX: 0
    RotationY: -0.4898582398891449
    RotationZ: 0
    Flags: 0
    Type: 0
    OnBgGroup: 0
    OffBgGroup: 0
  WalkPath:
  - Serial: 100
    Flag: 1
    Id: 0
    Positions:
    - X: -2056.285888671875
      Y: 193.53300476074219
      Z: 1777.947998046875
    - X: -2014.0885009765625
      Y: 168.39790344238281
      Z: 2178.009521484375
    - X: -2624.0419921875
      Y: 221.34840393066406
      Z: 2569.353515625
    - X: -2938.967529296875
      Y: 265.82052612304688
      Z: 2332.568359375
    - X: -2581.30419921875
      Y: 256.88812255859375
      Z: 1778.095703125
    - X: -3138.262939453125
      Y: 323.59658813476562
      Z: 1675.377685546875
    - X: -3025.8505859375
      Y: 315.97671508789062
      Z: 1145.529296875
    - X: -2539.060302734375
      Y: 289.37814331054688
      Z: 974.41748046875
    - X: -2385.768798828125
      Y: 237.02583312988281
      Z: 1704.17626953125
    - X: -2502.168701171875
      Y: 208.37788391113281
      Z: 2257.076904296875
    - X: -2130.930419921875
      Y: 164.07496643066406
      Z: 2363.731689453125
    - X: -1971.6292724609375
      Y: 180.57159423828125
      Z: 1645.83642578125
    - X: -2293.86669921875
      Y: 235.7266845703125
      Z: 1443.72412109375
    - X: -3026.742919921875
      Y: 307.52230834960938
      Z: 1665.19775390625
    - X: -3054.5419921875
      Y: 309.52978515625
      Z: 1902.4893798828125
  ReturnParameters:
  - Id: 0
    Type: 0
    Rate: 0
    EntryType: 0
    Argument04: 0
    Argument08: 0
    Argument0c: 0
  - Id: 0
    Type: 0
    Rate: 0
    EntryType: 0
    Argument04: 0
    Argument08: 0
    Argument0c: 0
  - Id: 0
    Type: 0
    Rate: 0
    EntryType: 0
    Argument04: 0
    Argument08: 0
    Argument0c: 0
  - Id: 1
    Type: 0
    Rate: 30
    EntryType: 0
    Argument04: 0
    Argument08: 0
    Argument0c: 0
  - Id: 1
    Type: 3
    Rate: 30
    EntryType: 0
    Argument04: 0
    Argument08: 0
    Argument0c: 0
  Signals: []
