- Type: 6
  Flag: 0
  Id: 345
  Teleport:
    Place: 0
    Door: 0
    World: 0
    Unknown: 0
  Unk20: 0
  Unk24: 0
  Entities:
  - ObjectId: 1198
    PositionX: -1779.238037109375
    PositionY: 265.72698974609375
    PositionZ: 434.50509643554688
    RotationX: 0
    RotationY: 0
    RotationZ: 0
    SpawnType: 0
    SpawnArgument: 0
    Serial: 81
    Argument1: 0
    Argument2: 0
    ReactionCommand: 686
    SpawnDelay: 0
    Command: 31
    SpawnRange: 0
    Level: 0
    Medal: 0
  EventActivators:
  - Shape: 0
    Option: 1
    PositionX: -1389.845947265625
    PositionY: 88.338203430175781
    PositionZ: 415.62850952148438
    ScaleX: 325.79348754882812
    ScaleY: 100
    ScaleZ: 122.52850341796875
    RotationX: 0
    RotationY: -1.2595866918563843
    RotationZ: 0
    Flags: 0
    Type: 0
    OnBgGroup: 0
    OffBgGroup: 0
  - Shape: 0
    Option: 0
    PositionX: -2758.6689453125
    PositionY: 197.80459594726562
    PositionZ: 892.68341064453125
    ScaleX: 448.76129150390625
    ScaleY: 100
    ScaleZ: 122.52829742431641
    RotationX: 0
    RotationY: -1.2595866918563843
    RotationZ: 0
    Flags: 0
    Type: 0
    OnBgGroup: 0
    OffBgGroup: 0
  - Shape: 0
    Option: 0
    PositionX: -2158.490966796875
    PositionY: 185.79769897460938
    PositionZ: 450.1278076171875
    ScaleX: 448.76129150390625
    ScaleY: 100
    ScaleZ: 122.52829742431641
    RotationX: 0
    RotationY: -1.1119257211685181
    RotationZ: 0
    Flags: 0
    Type: 0
    OnBgGroup: 0
    OffBgGroup: 0
  WalkPath:
  - Serial: 82
    Flag: 1
    Id: 0
    Positions:
    - X: -2160.52001953125
      Y: 207.351806640625
      Z: 1594.6910400390625
    - X: -1915.9945068359375
      Y: 231.28692626953125
      Z: 859.760498046875
    - X: -1540.693359375
      Y: 237.19349670410156
      Z: 284.7659912109375
    - X: -2016.1424560546875
      Y: 290.14633178710938
      Z: 114.18099975585938
    - X: -2679.857666015625
      Y: 280.66790771484375
      Z: 1538.7498779296875
    - X: -2898.104248046875
      Y: 301.45974731445312
      Z: 1290.191162109375
    - X: -2483.9091796875
      Y: 310.49139404296875
      Z: 379.91000366210938
    - X: -2036.185791015625
      Y: 266.81539916992188
      Z: 705.71337890625
    - X: -1519.0977783203125
      Y: 168.31724548339844
      Z: 735.15179443359375
    - X: -1380.8983154296875
      Y: 232.67515563964844
      Z: -14.604999542236328
    - X: -2235.853759765625
      Y: 305.67913818359375
      Z: 88.291000366210938
    - X: -2504.0478515625
      Y: 266.73550415039062
      Z: 1387.1898193359375
  ReturnParameters:
  - Id: 0
    Type: 0
    Rate: 0
    EntryType: 0
    Argument04: 0
    Argument08: 0
    Argument0c: 0
  - Id: 0
    Type: 0
    Rate: 0
    EntryType: 0
    Argument04: 0
    Argument08: 0
    Argument0c: 0
  - Id: 0
    Type: 0
    Rate: 0
    EntryType: 0
    Argument04: 0
    Argument08: 0
    Argument0c: 0
  - Id: 1
    Type: 0
    Rate: 30
    EntryType: 0
    Argument04: 0
    Argument08: 0
    Argument0c: 0
  - Id: 1
    Type: 3
    Rate: 30
    EntryType: 0
    Argument04: 0
    Argument08: 0
    Argument0c: 0
  Signals: []
