- Type: 6
  Flag: 0
  Id: 1217
  Teleport:
    Place: 0
    Door: 0
    World: 0
    Unknown: 0
  Unk20: 0
  Unk24: 0
  Entities:
  - ObjectId: 1198
    PositionX: -1411.2869873046875
    PositionY: 240.88139343261719
    PositionZ: -399.71359252929688
    RotationX: 0
    RotationY: 0
    RotationZ: 0
    SpawnType: 0
    SpawnArgument: 0
    Serial: 107
    Argument1: 0
    Argument2: 0
    ReactionCommand: 1369
    SpawnDelay: 0
    Command: 31
    SpawnRange: 0
    Level: 0
    Medal: 0
  EventActivators:
  - Shape: 0
    Option: 1
    PositionX: -1021.89501953125
    PositionY: 87.912803649902344
    PositionZ: -418.58999633789062
    ScaleX: 325.79348754882812
    ScaleY: 100
    ScaleZ: 122.52850341796875
    RotationX: 0
    RotationY: -1.2595866918563843
    RotationZ: 0
    Flags: 0
    Type: 0
    OnBgGroup: 0
    OffBgGroup: 0
  - Shape: 0
    Option: 0
    PositionX: -2390.718994140625
    PositionY: 217.46749877929688
    PositionZ: 58.464599609375
    ScaleX: 448.76129150390625
    ScaleY: 100
    ScaleZ: 122.52829742431641
    RotationX: 0
    RotationY: -1.2595866918563843
    RotationZ: 0
    Flags: 0
    Type: 0
    OnBgGroup: 0
    OffBgGroup: 0
  - Shape: 0
    Option: 0
    PositionX: -1790.5400390625
    PositionY: 193.35820007324219
    PositionZ: -384.09100341796875
    ScaleX: 448.76129150390625
    ScaleY: 100
    ScaleZ: 122.52829742431641
    RotationX: 0
    RotationY: -1.1119257211685181
    RotationZ: 0
    Flags: 0
    Type: 0
    OnBgGroup: 0
    OffBgGroup: 0
  WalkPath:
  - Serial: 108
    Flag: 1
    Id: 0
    Positions:
    - X: -1792.5699462890625
      Y: 226.89900207519531
      Z: 760.47222900390625
    - X: -1548.0445556640625
      Y: 260.4990234375
      Z: 25.541799545288086
    - X: -1172.7432861328125
      Y: 220.87960815429688
      Z: -549.45281982421875
    - X: -1648.192626953125
      Y: 264.67227172851562
      Z: -720.03778076171875
    - X: -2311.90771484375
      Y: 286.03488159179688
      Z: 704.53106689453125
    - X: -2530.154296875
      Y: 310.05001831054688
      Z: 455.972412109375
    - X: -2115.958984375
      Y: 306.55267333984375
      Z: -454.30880737304688
    - X: -1668.23583984375
      Y: 281.176513671875
      Z: -128.50529479980469
    - X: -1151.1478271484375
      Y: 197.96076965332031
      Z: -99.067100524902344
    - X: -1012.9481811523438
      Y: 196.18513488769531
      Z: -848.82379150390625
    - X: -1867.9036865234375
      Y: 252.23670959472656
      Z: -745.92779541015625
    - X: -2136.09765625
      Y: 281.6474609375
      Z: 552.97100830078125
  ReturnParameters:
  - Id: 0
    Type: 0
    Rate: 0
    EntryType: 0
    Argument04: 0
    Argument08: 0
    Argument0c: 0
  - Id: 0
    Type: 0
    Rate: 0
    EntryType: 0
    Argument04: 0
    Argument08: 0
    Argument0c: 0
  - Id: 0
    Type: 0
    Rate: 0
    EntryType: 0
    Argument04: 0
    Argument08: 0
    Argument0c: 0
  - Id: 1
    Type: 0
    Rate: 30
    EntryType: 0
    Argument04: 0
    Argument08: 0
    Argument0c: 0
  - Id: 1
    Type: 3
    Rate: 30
    EntryType: 0
    Argument04: 0
    Argument08: 0
    Argument0c: 0
  Signals: []
