- Type: 1
  Flag: 0
  Id: 19
  Teleport:
    Place: 2
    Door: 0
    World: 2
    Unknown: 0
  Unk20: 0
  Unk24: 0
  Entities: []
  EventActivators:
  - Shape: 0
    Option: 0
    PositionX: 1698.0560302734375
    PositionY: -1450
    PositionZ: 2518.90087890625
    ScaleX: 50
    ScaleY: 250
    ScaleZ: 250
    RotationX: 0
    RotationY: -2.7052602767944336
    RotationZ: 0
    Flags: 0
    Type: 0
    OnBgGroup: 0
    OffBgGroup: 0
  - Shape: 1
    Option: 1
    PositionX: 1900
    PositionY: -1525
    PositionZ: 2630
    ScaleX: 780
    ScaleY: 325
    ScaleZ: 490
    RotationX: 0
    RotationY: -2.7052602767944336
    RotationZ: 0
    Flags: 0
    Type: 0
    OnBgGroup: 0
    OffBgGroup: 0
  WalkPath: []
  ReturnParameters: []
  Signals: []
