- Type: 1
  Flag: 0
  Id: 54
  Teleport:
    Place: 0
    Door: 0
    World: 0
    Unknown: 0
  Unk20: 0
  Unk24: 0
  Entities:
  - ObjectId: 566
    PositionX: -1760.9329833984375
    PositionY: -3.1705731089459732E-05
    PositionZ: 477.29000854492188
    RotationX: 0
    RotationY: 0
    RotationZ: 0
    SpawnType: 1
    SpawnArgument: 50
    Serial: 15
    Argument1: 0
    Argument2: 0
    ReactionCommand: 0
    SpawnDelay: 0
    Command: 0
    SpawnRange: 0
    Level: 0
    Medal: 0
  - ObjectId: 567
    PositionX: -1660.9329833984375
    PositionY: -6.2745461946178693E-06
    PositionZ: 377.29000854492188
    RotationX: 0
    RotationY: 0
    RotationZ: 0
    SpawnType: 1
    SpawnArgument: 50
    Serial: 16
    Argument1: 0
    Argument2: 0
    ReactionCommand: 0
    SpawnDelay: 0
    Command: 0
    SpawnRange: 0
    Level: 0
    Medal: 0
  - ObjectId: 568
    PositionX: -1860.9329833984375
    PositionY: -3.6076871765544638E-05
    PositionZ: 377.29000854492188
    RotationX: 0
    RotationY: 0
    RotationZ: 0
    SpawnType: 1
    SpawnArgument: 50
    Serial: 17
    Argument1: 0
    Argument2: 0
    ReactionCommand: 0
    SpawnDelay: 0
    Command: 0
    SpawnRange: 0
    Level: 0
    Medal: 0
  EventActivators: []
  WalkPath: []
  ReturnParameters: []
  Signals: []
