- Type: 1
  Flag: 0
  Id: 454
  Teleport:
    Place: 0
    Door: 0
    World: 0
    Unknown: 0
  Unk20: 0
  Unk24: 0
  Entities:
  - ObjectId: 566
    PositionX: 3.5369629859924316
    PositionY: -179.94180297851562
    PositionZ: 660.45458984375
    RotationX: 0
    RotationY: 2.2158613204956055
    RotationZ: 0
    SpawnType: 1
    SpawnArgument: 20
    Serial: 46
    Argument1: 0
    Argument2: 0
    ReactionCommand: 0
    SpawnDelay: 0
    Command: 0
    SpawnRange: 0
    Level: 0
    Medal: 0
  - ObjectId: 567
    PositionX: -136.49420166015625
    PositionY: -160
    PositionZ: 680.235595703125
    RotationX: 0
    RotationY: 2.2158613204956055
    RotationZ: 0
    SpawnType: 1
    SpawnArgument: 20
    Serial: 47
    Argument1: 0
    Argument2: 0
    ReactionCommand: 0
    SpawnDelay: 0
    Command: 0
    SpawnRange: 0
    Level: 0
    Medal: 0
  - ObjectId: 568
    PositionX: -16.244049072265625
    PositionY: -120
    PositionZ: 520.42352294921875
    RotationX: 0
    RotationY: 2.2158613204956055
    RotationZ: 0
    SpawnType: 1
    SpawnArgument: 20
    Serial: 48
    Argument1: 0
    Argument2: 0
    ReactionCommand: 0
    SpawnDelay: 0
    Command: 0
    SpawnRange: 0
    Level: 0
    Medal: 0
  EventActivators: []
  WalkPath: []
  ReturnParameters: []
  Signals: []
