- Type: 1
  Flag: 0
  Id: 213
  Teleport:
    Place: 0
    Door: 0
    World: 0
    Unknown: 0
  Unk20: 0
  Unk24: 0
  Entities:
  - ObjectId: 818
    PositionX: 1203.5489501953125
    PositionY: -69.927070617675781
    PositionZ: -1915.155029296875
    RotationX: 0
    RotationY: -2.0420353412628174
    RotationZ: 0
    SpawnType: 0
    SpawnArgument: 0
    Serial: 147
    Argument1: 0
    Argument2: 0
    ReactionCommand: 0
    SpawnDelay: 0
    Command: 0
    SpawnRange: 0
    Level: 0
    Medal: 0
  - ObjectId: 818
    PositionX: -1015
    PositionY: -62.595268249511719
    PositionZ: -2090
    RotationX: 0
    RotationY: 2.4434609413146973
    RotationZ: 0
    SpawnType: 0
    SpawnArgument: 0
    Serial: 148
    Argument1: 1
    Argument2: 0
    ReactionCommand: 0
    SpawnDelay: 0
    Command: 0
    SpawnRange: 0
    Level: 0
    Medal: 0
  EventActivators: []
  WalkPath: []
  ReturnParameters: []
  Signals: []
