- Type: 6
  Flag: 0
  Id: 267
  Teleport:
    Place: 0
    Door: 0
    World: 0
    Unknown: 0
  Unk20: 0
  Unk24: 0
  Entities:
  - ObjectId: 1064
    PositionX: -152.57929992675781
    PositionY: -100.36219787597656
    PositionZ: 342.75979614257812
    RotationX: 0
    RotationY: 0.84737968444824219
    RotationZ: 0
    SpawnType: 0
    SpawnArgument: 0
    Serial: 22
    Argument1: 0
    Argument2: 6
    ReactionCommand: 660
    SpawnDelay: 0
    Command: 31
    SpawnRange: 0
    Level: 0
    Medal: 0
  EventActivators:
  - Shape: 0
    Option: 1
    PositionX: 918.27691650390625
    PositionY: -137.52177429199219
    PositionZ: 546.34808349609375
    ScaleX: 66.419998168945312
    ScaleY: 100
    ScaleZ: 100
    RotationX: 0
    RotationY: -2.420241117477417
    RotationZ: 0
    Flags: 0
    Type: 0
    OnBgGroup: 0
    OffBgGroup: 0
  - Shape: 0
    Option: 2
    PositionX: 355.03878784179688
    PositionY: -162.0042724609375
    PositionZ: 4.4136180877685547
    ScaleX: 45.894550323486328
    ScaleY: 100
    ScaleZ: 71.52850341796875
    RotationX: 0
    RotationY: -3.1194531917572021
    RotationZ: 0
    Flags: 0
    Type: 0
    OnBgGroup: 0
    OffBgGroup: 0
  - Shape: 0
    Option: 2
    PositionX: 595.49322509765625
    PositionY: -157.54362487792969
    PositionZ: 126.88099670410156
    ScaleX: 45.894550323486328
    ScaleY: 100
    ScaleZ: 71.52850341796875
    RotationX: 0
    RotationY: -2.3440399169921875
    RotationZ: 0
    Flags: 0
    Type: 0
    OnBgGroup: 0
    OffBgGroup: 0
  WalkPath:
  - Serial: 44
    Flag: 0
    Id: 0
    Positions:
    - X: -140.92990112304688
      Y: -96.4903564453125
      Z: 316.11270141601562
    - X: 6.3076000213623047
      Y: -90.003166198730469
      Z: 184.64920043945312
    - X: 209.0596923828125
      Y: -65.930290222167969
      Z: 38.9739990234375
    - X: 348.518798828125
      Y: -62.726169586181641
      Z: -0.63499999046325684
    - X: 476.273193359375
      Y: -58.710289001464844
      Z: 47.432399749755859
    - X: 627.005126953125
      Y: -57.449611663818359
      Z: 151.05850219726562
    - X: 656.14117431640625
      Y: -73.173881530761719
      Z: 313.34024047851562
    - X: 872.23907470703125
      Y: -44.355598449707031
      Z: 506.99859619140625
    - X: 976.693115234375
      Y: -29.129720687866211
      Z: 603.306884765625
  ReturnParameters:
  - Id: 0
    Type: 0
    Rate: 0
    EntryType: 0
    Argument04: 0
    Argument08: 0
    Argument0c: 0
  - Id: 0
    Type: 0
    Rate: 0
    EntryType: 0
    Argument04: 0
    Argument08: 0
    Argument0c: 0
  - Id: 0
    Type: 0
    Rate: 0
    EntryType: 0
    Argument04: 0
    Argument08: 0
    Argument0c: 0
  - Id: 1
    Type: 1
    Rate: 100
    EntryType: 0
    Argument04: 0
    Argument08: 0
    Argument0c: 0
  - Id: 2
    Type: 0
    Rate: 100
    EntryType: 0
    Argument04: 0
    Argument08: 0
    Argument0c: 0
  Signals: []
