- Type: 6
  Flag: 0
  Id: 483
  Teleport:
    Place: 0
    Door: 0
    World: 0
    Unknown: 0
  Unk20: 0
  Unk24: 0
  Entities:
  - ObjectId: 1212
    PositionX: -395.6571044921875
    PositionY: 80.12872314453125
    PositionZ: -1294.72900390625
    RotationX: 0
    RotationY: -0.91677504777908325
    RotationZ: 0
    SpawnType: 0
    SpawnArgument: 0
    Serial: 34
    Argument1: 0
    Argument2: 0
    ReactionCommand: 1475
    SpawnDelay: 0
    Command: 31
    SpawnRange: 0
    Level: 0
    Medal: 0
  EventActivators:
  - Shape: 0
    Option: 0
    PositionX: -526.25677490234375
    PositionY: -19.112300872802734
    PositionZ: -1235.032958984375
    ScaleX: 85.309799194335938
    ScaleY: 100
    ScaleZ: 39.214511871337891
    RotationX: 0
    RotationY: -0.14713864028453827
    RotationZ: 0
    Flags: 0
    Type: 0
    OnBgGroup: 0
    OffBgGroup: 0
  - Shape: 0
    Option: 0
    PositionX: -671.44287109375
    PositionY: -7.7848300933837891
    PositionZ: -1416.2159423828125
    ScaleX: 85.309799194335938
    ScaleY: 100
    ScaleZ: 39.214511871337891
    RotationX: 0
    RotationY: -0.14713864028453827
    RotationZ: 0
    Flags: 0
    Type: 0
    OnBgGroup: 0
    OffBgGroup: 0
  - Shape: 0
    Option: 0
    PositionX: -402.84921264648438
    PositionY: -11.144570350646973
    PositionZ: -1427.27197265625
    ScaleX: 114.70995330810547
    ScaleY: 100
    ScaleZ: 39.214511871337891
    RotationX: 0
    RotationY: 0.87432581186294556
    RotationZ: 0
    Flags: 0
    Type: 0
    OnBgGroup: 0
    OffBgGroup: 0
  WalkPath:
  - Serial: 51
    Flag: 1
    Id: 0
    Positions:
    - X: -347.69198608398438
      Y: 84.05206298828125
      Z: -1364.719970703125
    - X: -357.489501953125
      Y: 74.745857238769531
      Z: -1276.2952880859375
    - X: -513.3065185546875
      Y: 79.903572082519531
      Z: -1247.97607421875
    - X: -654.15057373046875
      Y: 78.552864074707031
      Z: -1235.6402587890625
    - X: -796.6171875
      Y: 89.774208068847656
      Z: -1361.052001953125
    - X: -651.798828125
      Y: 95.259292602539062
      Z: -1428.4864501953125
    - X: -558.8095703125
      Y: 97.650802612304688
      Z: -1471.38525390625
    - X: -331.05731201171875
      Y: 88.53375244140625
      Z: -1436.73193359375
    - X: -263.85919189453125
      Y: 74.446205139160156
      Z: -1304.8304443359375
    - X: -640.62750244140625
      Y: 83.701789855957031
      Z: -1298.7451171875
    - X: -629.82861328125
      Y: 90.492706298828125
      Z: -1380.3372802734375
    - X: -437.84701538085938
      Y: 88.922035217285156
      Z: -1393.535888671875
    - X: -371.27877807617188
      Y: 82.233680725097656
      Z: -1331.6580810546875
    - X: -461.66378784179688
      Y: 82.750343322753906
      Z: -1299.1572265625
    - X: -542.09918212890625
      Y: 97.524063110351562
      Z: -1471.9656982421875
    - X: -490.44430541992188
      Y: 95.835990905761719
      Z: -1530.144287109375
  ReturnParameters:
  - Id: 0
    Type: 0
    Rate: 0
    EntryType: 0
    Argument04: 0
    Argument08: 0
    Argument0c: 0
  - Id: 0
    Type: 0
    Rate: 0
    EntryType: 0
    Argument04: 0
    Argument08: 0
    Argument0c: 0
  - Id: 0
    Type: 0
    Rate: 0
    EntryType: 0
    Argument04: 0
    Argument08: 0
    Argument0c: 0
  Signals: []
