- Type: 6
  Flag: 0
  Id: 547
  Teleport:
    Place: 0
    Door: 0
    World: 0
    Unknown: 0
  Unk20: 0
  Unk24: 0
  Entities:
  - ObjectId: 1212
    PositionX: 8.8800163269042969
    PositionY: 27.694910049438477
    PositionZ: -588.23309326171875
    RotationX: 0
    RotationY: 0.35265371203422546
    RotationZ: 0
    SpawnType: 0
    SpawnArgument: 0
    Serial: 36
    Argument1: 0
    Argument2: 0
    ReactionCommand: 1477
    SpawnDelay: 0
    Command: 31
    SpawnRange: 0
    Level: 0
    Medal: 0
  EventActivators:
  - Shape: 0
    Option: 0
    PositionX: 1013.572021484375
    PositionY: -157.44964599609375
    PositionZ: 252.91850280761719
    ScaleX: 93.363548278808594
    ScaleY: 100
    ScaleZ: 41.528896331787109
    RotationX: 0
    RotationY: -1.7306897640228271
    RotationZ: 0
    Flags: 0
    Type: 0
    OnBgGroup: 0
    OffBgGroup: 0
  - Shape: 0
    Option: 0
    PositionX: 508.1129150390625
    PositionY: -157.44963073730469
    PositionZ: -86.249687194824219
    ScaleX: 164.98495483398438
    ScaleY: 100
    ScaleZ: 41.528896331787109
    RotationX: 0
    RotationY: -2.5308129787445068
    RotationZ: 0
    Flags: 0
    Type: 0
    OnBgGroup: 0
    OffBgGroup: 0
  - Shape: 0
    Option: 1
    PositionX: 748.10272216796875
    PositionY: -157.44963073730469
    PositionZ: -70.665939331054688
    ScaleX: 164.98500061035156
    ScaleY: 100
    ScaleZ: 41.528900146484375
    RotationX: 0
    RotationY: -2.3947925567626953
    RotationZ: 0
    Flags: 0
    Type: 0
    OnBgGroup: 0
    OffBgGroup: 0
  WalkPath:
  - Serial: 53
    Flag: 1
    Id: 0
    Positions:
    - X: 808.17431640625
      Y: -57.449649810791016
      Z: -8.3840341567993164
    - X: 867.8309326171875
      Y: -57.449642181396484
      Z: 138.06207275390625
    - X: 733.31158447265625
      Y: -57.539787292480469
      Z: 200.13676452636719
    - X: 647.71417236328125
      Y: -57.957603454589844
      Z: 158.06925964355469
    - X: 583.70550537109375
      Y: -57.44964599609375
      Z: 38.687374114990234
    - X: 342.26040649414062
      Y: -62.93603515625
      Z: 4.5371661186218262
    - X: 278.31689453125
      Y: -57.646549224853516
      Z: -104.79497528076172
    - X: 393.72329711914062
      Y: -47.712928771972656
      Z: -173.48432922363281
    - X: 590.34857177734375
      Y: -57.449649810791016
      Z: -34.444244384765625
    - X: 982.79052734375
      Y: -57.44964599609375
      Z: 175.24256896972656
    - X: 1011.6951293945312
      Y: -52.457386016845703
      Z: 359.53326416015625
    - X: 883.67999267578125
      Y: -58.973953247070312
      Z: 308.15286254882812
    - X: 700.348876953125
      Y: -57.449649810791016
      Z: -23.897493362426758
    - X: 572.3729248046875
      Y: -57.449653625488281
      Z: -106.85891723632812
    - X: 625.05828857421875
      Y: -49.135993957519531
      Z: -169.51522827148438
  ReturnParameters:
  - Id: 0
    Type: 0
    Rate: 0
    EntryType: 0
    Argument04: 0
    Argument08: 0
    Argument0c: 0
  - Id: 0
    Type: 0
    Rate: 0
    EntryType: 0
    Argument04: 0
    Argument08: 0
    Argument0c: 0
  - Id: 0
    Type: 0
    Rate: 0
    EntryType: 0
    Argument04: 0
    Argument08: 0
    Argument0c: 0
  - Id: 1
    Type: 0
    Rate: 30
    EntryType: 0
    Argument04: 0
    Argument08: 0
    Argument0c: 0
  - Id: 1
    Type: 3
    Rate: 30
    EntryType: 0
    Argument04: 0
    Argument08: 0
    Argument0c: 0
  Signals: []
