- Type: 1
  Flag: 0
  Id: 67
  Teleport:
    Place: 0
    Door: 0
    World: 0
    Unknown: 0
  Unk20: 0
  Unk24: 0
  Entities:
  - ObjectId: 566
    PositionX: -2444
    PositionY: -123.06300354003906
    PositionZ: -1765.3280029296875
    RotationX: 0
    RotationY: 2.4434609413146973
    RotationZ: 0
    SpawnType: 1
    SpawnArgument: 50
    Serial: 13
    Argument1: 0
    Argument2: 0
    ReactionCommand: 0
    SpawnDelay: 0
    Command: 0
    SpawnRange: 0
    Level: 0
    Medal: 0
  - ObjectId: 566
    PositionX: -40.76470947265625
    PositionY: 5.3234798542689532E-05
    PositionZ: -48.736900329589844
    RotationX: 0
    RotationY: 3.1415927410125732
    RotationZ: 0
    SpawnType: 1
    SpawnArgument: 51
    Serial: 16
    Argument1: 0
    Argument2: 0
    ReactionCommand: 0
    SpawnDelay: 0
    Command: 0
    SpawnRange: 0
    Level: 0
    Medal: 0
  - ObjectId: 567
    PositionX: -140.76469421386719
    PositionY: 5.3234798542689532E-05
    PositionZ: -148.73689270019531
    RotationX: 0
    RotationY: 3.1415927410125732
    RotationZ: 0
    SpawnType: 1
    SpawnArgument: 51
    Serial: 17
    Argument1: 0
    Argument2: 0
    ReactionCommand: 0
    SpawnDelay: 0
    Command: 0
    SpawnRange: 0
    Level: 0
    Medal: 0
  - ObjectId: 568
    PositionX: 59.23529052734375
    PositionY: 5.3234798542689532E-05
    PositionZ: -148.73689270019531
    RotationX: 0
    RotationY: 3.1415927410125732
    RotationZ: 0
    SpawnType: 1
    SpawnArgument: 51
    Serial: 18
    Argument1: 0
    Argument2: 0
    ReactionCommand: 0
    SpawnDelay: 0
    Command: 0
    SpawnRange: 0
    Level: 0
    Medal: 0
  EventActivators: []
  WalkPath: []
  ReturnParameters: []
  Signals: []
