- Type: 1
  Flag: 0
  Id: 9
  Teleport:
    Place: 4
    Door: 1
    World: 2
    Unknown: 0
  Unk20: 0
  Unk24: 0
  Entities: []
  EventActivators:
  - Shape: 0
    Option: 0
    PositionX: 5010.966796875
    PositionY: -625
    PositionZ: 2650.0849609375
    ScaleX: 49.018199920654297
    ScaleY: 625
    ScaleZ: 500
    RotationX: 0
    RotationY: -3.0543262958526611
    RotationZ: 0
    Flags: 0
    Type: 0
    OnBgGroup: 0
    OffBgGroup: 0
  - Shape: 1
    Option: 1
    PositionX: 5340
    PositionY: -575
    PositionZ: 2680
    ScaleX: 900
    ScaleY: 625
    ScaleZ: 900
    RotationX: 0
    RotationY: -3.0543262958526611
    RotationZ: 0
    Flags: 0
    Type: 0
    OnBgGroup: 0
    OffBgGroup: 0
  WalkPath: []
  ReturnParameters: []
  Signals: []
