- Type: 6
  Flag: 0
  Id: 623
  Teleport:
    Place: 0
    Door: 0
    World: 0
    Unknown: 0
  Unk20: 0
  Unk24: 0
  Entities:
  - ObjectId: 1284
    PositionX: -1189.9310302734375
    PositionY: 8.9143190962204244E-07
    PositionZ: -957.088623046875
    RotationX: 0
    RotationY: 0
    RotationZ: 0
    SpawnType: 2
    SpawnArgument: 0
    Serial: 88
    Argument1: 0
    Argument2: 0
    ReactionCommand: 616
    SpawnDelay: 0
    Command: 31
    SpawnRange: 0
    Level: 0
    Medal: 0
  EventActivators:
  - Shape: 0
    Option: 0
    PositionX: -1279.7340087890625
    PositionY: -100
    PositionZ: -797.009521484375
    ScaleX: 136.0780029296875
    ScaleY: 100
    ScaleZ: 42.607109069824219
    RotationX: 0
    RotationY: -0.62526750564575195
    RotationZ: 0
    Flags: 0
    Type: 0
    OnBgGroup: 0
    OffBgGroup: 0
  - Shape: 0
    Option: 1
    PositionX: -1227.2530517578125
    PositionY: -100
    PositionZ: -1101.7330322265625
    ScaleX: 107.03099822998047
    ScaleY: 100
    ScaleZ: 42.607101440429688
    RotationX: 0
    RotationY: 0.013700365088880062
    RotationZ: 0
    Flags: 0
    Type: 0
    OnBgGroup: 0
    OffBgGroup: 0
  - Shape: 0
    Option: 1
    PositionX: -1056
    PositionY: -480
    PositionZ: -860.875
    ScaleX: 692.625
    ScaleY: 500
    ScaleZ: 1502.5250244140625
    RotationX: 0
    RotationY: -1.5707963705062866
    RotationZ: 0
    Flags: 0
    Type: 1
    OnBgGroup: 0
    OffBgGroup: 0
  WalkPath:
  - Serial: 89
    Flag: 1
    Id: 0
    Positions:
    - X: -1382.0030517578125
      Y: 5.4158549573912751E-06
      Z: -1065.125
    - X: -1298.3507080078125
      Y: -9.9999942779541016
      Z: -1131.123046875
    - X: -1198.9140625
      Y: -10.000004768371582
      Z: -1089.9283447265625
    - X: -1103.762939453125
      Y: -9.9999914169311523
      Z: -1122.01708984375
    - X: -1060.2340087890625
      Y: -9.9999942779541016
      Z: -999.0589599609375
    - X: -1186.426025390625
      Y: -9.9999942779541016
      Z: -940.5457763671875
    - X: -1342.859375
      Y: -10.000004768371582
      Z: -943.2523193359375
    - X: -1471.6446533203125
      Y: -9.9999876022338867
      Z: -810.82391357421875
    - X: -1391.7786865234375
      Y: -10.000014305114746
      Z: -724.9569091796875
    - X: -1189.7874755859375
      Y: -10.000024795532227
      Z: -864.56842041015625
    - X: -1054.6318359375
      Y: -9.9999942779541016
      Z: -828.92291259765625
    - X: -1166.02392578125
      Y: -9.9999685287475586
      Z: -708.619384765625
    - X: -1296.7239990234375
      Y: -9.9999942779541016
      Z: -879.42071533203125
  ReturnParameters:
  - Id: 0
    Type: 0
    Rate: 0
    EntryType: 0
    Argument04: 0
    Argument08: 0
    Argument0c: 0
  - Id: 0
    Type: 0
    Rate: 0
    EntryType: 0
    Argument04: 0
    Argument08: 0
    Argument0c: 0
  - Id: 0
    Type: 0
    Rate: 0
    EntryType: 0
    Argument04: 0
    Argument08: 0
    Argument0c: 0
  - Id: 1
    Type: 0
    Rate: 20
    EntryType: 0
    Argument04: 0
    Argument08: 0
    Argument0c: 0
  - Id: 1
    Type: 3
    Rate: 30
    EntryType: 0
    Argument04: 0
    Argument08: 0
    Argument0c: 0
  - Id: 1
    Type: 0
    Rate: 10
    EntryType: 2
    Argument04: 0
    Argument08: 0
    Argument0c: 0
  Signals: []
