- Type: 6
  Flag: 0
  Id: 1172
  Teleport:
    Place: 0
    Door: 0
    World: 0
    Unknown: 0
  Unk20: 0
  Unk24: 0
  Entities:
  - ObjectId: 1284
    PositionX: -490.28750610351562
    PositionY: 1.1047380212403368E-05
    PositionZ: -1126.050048828125
    RotationX: 0
    RotationY: 0
    RotationZ: 0
    SpawnType: 0
    SpawnArgument: 0
    Serial: 92
    Argument1: 0
    Argument2: 0
    ReactionCommand: 1414
    SpawnDelay: 0
    Command: 31
    SpawnRange: 0
    Level: 0
    Medal: 0
  EventActivators:
  - Shape: 0
    Option: 0
    PositionX: -567.8624267578125
    PositionY: -99.999984741210938
    PositionZ: -1011.8250122070312
    ScaleX: 136.0780029296875
    ScaleY: 100
    ScaleZ: 42.607109069824219
    RotationX: 0
    RotationY: -0.29775264859199524
    RotationZ: 0
    Flags: 0
    Type: 0
    OnBgGroup: 0
    OffBgGroup: 0
  - Shape: 0
    Option: 1
    PositionX: -513.0543212890625
    PositionY: -100.00000762939453
    PositionZ: -1268.0269775390625
    ScaleX: 107.03099822998047
    ScaleY: 100
    ScaleZ: 42.607101440429688
    RotationX: 0
    RotationY: 0.013700365088880062
    RotationZ: 0
    Flags: 0
    Type: 0
    OnBgGroup: 0
    OffBgGroup: 0
  WalkPath:
  - Serial: 93
    Flag: 1
    Id: 0
    Positions:
    - X: -680.81689453125
      Y: 6.3249731283576693E-06
      Z: -1233.60205078125
    - X: -597.16461181640625
      Y: 1.7875603589345701E-05
      Z: -1299.60009765625
    - X: -497.72799682617188
      Y: 1.9676283045555465E-05
      Z: -1258.4053955078125
    - X: -422.24551391601562
      Y: 1.827364212658722E-05
      Z: -1271.3255615234375
    - X: -380.69808959960938
      Y: 2.3648313799640164E-05
      Z: -1179.1304931640625
    - X: -485.23989868164062
      Y: -3.5963180380349513E-06
      Z: -1109.0228271484375
    - X: -641.67333984375
      Y: 2.6087693186127581E-05
      Z: -1111.729248046875
    - X: -779.67852783203125
      Y: 2.0740048967127223E-06
      Z: -1061.69384765625
    - X: -700.69158935546875
      Y: -6.6811799115384929E-07
      Z: -967.78472900390625
    - X: -488.60140991210938
      Y: -2.7524001211531868E-07
      Z: -1033.04541015625
    - X: -370.552490234375
      Y: 1.2828729722969001E-06
      Z: -1002.2410888671875
    - X: -452.69320678710938
      Y: -2.0399787899805233E-05
      Z: -930.69921875
    - X: -595.537841796875
      Y: -9.244540137842705E-07
      Z: -1047.897705078125
  ReturnParameters:
  - Id: 0
    Type: 0
    Rate: 0
    EntryType: 0
    Argument04: 0
    Argument08: 0
    Argument0c: 0
  - Id: 0
    Type: 0
    Rate: 0
    EntryType: 0
    Argument04: 0
    Argument08: 0
    Argument0c: 0
  - Id: 0
    Type: 0
    Rate: 0
    EntryType: 0
    Argument04: 0
    Argument08: 0
    Argument0c: 0
  - Id: 1
    Type: 0
    Rate: 20
    EntryType: 0
    Argument04: 0
    Argument08: 0
    Argument0c: 0
  - Id: 1
    Type: 3
    Rate: 30
    EntryType: 0
    Argument04: 0
    Argument08: 0
    Argument0c: 0
  - Id: 1
    Type: 0
    Rate: 20
    EntryType: 2
    Argument04: 0
    Argument08: 0
    Argument0c: 0
  Signals: []
