- Type: 1
  Flag: 0
  Id: 43
  Teleport:
    Place: 0
    Door: 0
    World: 0
    Unknown: 0
  Unk20: 0
  Unk24: 0
  Entities:
  - ObjectId: 566
    PositionX: 2106.4560546875
    PositionY: 2.6300800527678803E-05
    PositionZ: 1324.9739990234375
    RotationX: 0
    RotationY: -2.4434609413146973
    RotationZ: 0
    SpawnType: 1
    SpawnArgument: 51
    Serial: 11
    Argument1: 0
    Argument2: 0
    ReactionCommand: 0
    SpawnDelay: 0
    Command: 0
    SpawnRange: 0
    Level: 0
    Medal: 0
  - ObjectId: 567
    PositionX: 2094.131103515625
    PositionY: 6.0994738305453211E-05
    PositionZ: 1184.0909423828125
    RotationX: 0
    RotationY: -2.4434609413146973
    RotationZ: 0
    SpawnType: 1
    SpawnArgument: 51
    Serial: 12
    Argument1: 0
    Argument2: 0
    ReactionCommand: 0
    SpawnDelay: 0
    Command: 0
    SpawnRange: 0
    Level: 0
    Medal: 0
  - ObjectId: 568
    PositionX: 2247.340087890625
    PositionY: 2.5762030418263748E-05
    PositionZ: 1312.64794921875
    RotationX: 0
    RotationY: -2.4434609413146973
    RotationZ: 0
    SpawnType: 1
    SpawnArgument: 51
    Serial: 13
    Argument1: 0
    Argument2: 0
    ReactionCommand: 0
    SpawnDelay: 0
    Command: 0
    SpawnRange: 0
    Level: 0
    Medal: 0
  EventActivators: []
  WalkPath: []
  ReturnParameters: []
  Signals: []
