- Type: 1
  Flag: 0
  Id: 1014
  Teleport:
    Place: 0
    Door: 0
    World: 0
    Unknown: 0
  Unk20: 0
  Unk24: 0
  Entities:
  - ObjectId: 566
    PositionX: 2078.075927734375
    PositionY: 2.8873519113403745E-05
    PositionZ: 463.5255126953125
    RotationX: 0
    RotationY: -0.43633231520652771
    RotationZ: 0
    SpawnType: 1
    SpawnArgument: 54
    Serial: 66
    Argument1: 0
    Argument2: 0
    ReactionCommand: 0
    SpawnDelay: 0
    Command: 0
    SpawnRange: 0
    Level: 0
    Medal: 0
  - ObjectId: 567
    PositionX: 2210.968017578125
    PositionY: 2.6759240427054465E-05
    PositionZ: 511.8944091796875
    RotationX: 0
    RotationY: -0.43633231520652771
    RotationZ: 0
    SpawnType: 1
    SpawnArgument: 54
    Serial: 67
    Argument1: 0
    Argument2: 0
    ReactionCommand: 0
    SpawnDelay: 0
    Command: 0
    SpawnRange: 0
    Level: 0
    Medal: 0
  - ObjectId: 568
    PositionX: 2029.70703125
    PositionY: 2.3064600100042298E-05
    PositionZ: 596.41802978515625
    RotationX: 0
    RotationY: -0.43633231520652771
    RotationZ: 0
    SpawnType: 1
    SpawnArgument: 54
    Serial: 68
    Argument1: 0
    Argument2: 0
    ReactionCommand: 0
    SpawnDelay: 0
    Command: 0
    SpawnRange: 0
    Level: 0
    Medal: 0
  EventActivators: []
  WalkPath: []
  ReturnParameters: []
  Signals: []
