- Type: 6
  Flag: 0
  Id: 1204
  Teleport:
    Place: 0
    Door: 0
    World: 0
    Unknown: 0
  Unk20: 0
  Unk24: 0
  Entities:
  - ObjectId: 1286
    PositionX: 1866.303955078125
    PositionY: -1.0000009536743164
    PositionZ: 716.089599609375
    RotationX: 0
    RotationY: 1.9918273687362671
    RotationZ: 0
    SpawnType: 0
    SpawnArgument: 0
    Serial: 73
    Argument1: 0
    Argument2: 0
    ReactionCommand: 623
    SpawnDelay: 0
    Command: 31
    SpawnRange: 0
    Level: 0
    Medal: 0
  EventActivators:
  - Shape: 0
    Option: 1
    PositionX: 2240.126953125
    PositionY: -100
    PositionZ: 1247.3590087890625
    ScaleX: 86.383003234863281
    ScaleY: 100
    ScaleZ: 59.190498352050781
    RotationX: 0
    RotationY: -0.11138159036636353
    RotationZ: 0
    Flags: 0
    Type: 0
    OnBgGroup: 0
    OffBgGroup: 0
  - Shape: 0
    Option: 2
    PositionX: 1829.2509765625
    PositionY: -100
    PositionZ: 1023.8099975585938
    ScaleX: 133.26649475097656
    ScaleY: 100
    ScaleZ: 59.190498352050781
    RotationX: 0
    RotationY: 1.3529207706451416
    RotationZ: 0
    Flags: 0
    Type: 0
    OnBgGroup: 0
    OffBgGroup: 0
  - Shape: 0
    Option: 2
    PositionX: 2317.39404296875
    PositionY: -100
    PositionZ: 539.75250244140625
    ScaleX: 133.26649475097656
    ScaleY: 100
    ScaleZ: 59.190498352050781
    RotationX: 0
    RotationY: 0.32321491837501526
    RotationZ: 0
    Flags: 0
    Type: 0
    OnBgGroup: 0
    OffBgGroup: 0
  - Shape: 0
    Option: 2
    PositionX: 2488.44189453125
    PositionY: -100
    PositionZ: 1094.2540283203125
    ScaleX: 101.51930236816406
    ScaleY: 100
    ScaleZ: 59.190498352050781
    RotationX: 0
    RotationY: 2.2083878517150879
    RotationZ: 0
    Flags: 0
    Type: 0
    OnBgGroup: 0
    OffBgGroup: 0
  WalkPath:
  - Serial: 96
    Flag: 1
    Id: 0
    Positions:
    - X: 2542.261962890625
      Y: 4.4275479922362138E-06
      Z: 998.0521240234375
    - X: 2482.88232421875
      Y: -10.000015258789062
      Z: 1085.72509765625
    - X: 2361.52294921875
      Y: -10.000005722045898
      Z: 1206.9581298828125
    - X: 2159.07568359375
      Y: -10.000005722045898
      Z: 1258.614990234375
    - X: 1987.3780517578125
      Y: -15.612115859985352
      Z: 1217.5306396484375
    - X: 1841.658447265625
      Y: -10.000025749206543
      Z: 1079.1268310546875
    - X: 1811.3262939453125
      Y: -9.9999942779541016
      Z: 882.779296875
    - X: 1852.537841796875
      Y: -10.999995231628418
      Z: 670.14093017578125
    - X: 1980.208251953125
      Y: -10.000005722045898
      Z: 533.7803955078125
    - X: 2157.918212890625
      Y: -10.000015258789062
      Z: 474.20291137695312
    - X: 2334.26708984375
      Y: -10.000015258789062
      Z: 538.4788818359375
    - X: 2558.4970703125
      Y: -10.999995231628418
      Z: 645.93048095703125
  ReturnParameters:
  - Id: 0
    Type: 0
    Rate: 0
    EntryType: 0
    Argument04: 0
    Argument08: 0
    Argument0c: 0
  - Id: 0
    Type: 0
    Rate: 0
    EntryType: 0
    Argument04: 0
    Argument08: 0
    Argument0c: 0
  - Id: 0
    Type: 0
    Rate: 0
    EntryType: 0
    Argument04: 0
    Argument08: 0
    Argument0c: 0
  - Id: 1
    Type: 0
    Rate: 30
    EntryType: 3
    Argument04: 1158432518
    Argument08: -1036231144
    Argument0c: 1152714711
  - Id: 1
    Type: 3
    Rate: 30
    EntryType: 0
    Argument04: 0
    Argument08: 0
    Argument0c: 0
  - Id: 2
    Type: 0
    Rate: 20
    EntryType: 0
    Argument04: 0
    Argument08: 0
    Argument0c: 0
  - Id: 2
    Type: 3
    Rate: 30
    EntryType: 0
    Argument04: 0
    Argument08: 0
    Argument0c: 0
  - Id: 2
    Type: 0
    Rate: 20
    EntryType: 2
    Argument04: 0
    Argument08: 0
    Argument0c: 0
  Signals: []
