- Type: 1
  Flag: 0
  Id: 69
  Teleport:
    Place: 0
    Door: 0
    World: 0
    Unknown: 0
  Unk20: 0
  Unk24: 0
  Entities:
  - ObjectId: 566
    PositionX: -895.87078857421875
    PositionY: -1.1362500117684249E-05
    PositionZ: 1454.6199951171875
    RotationX: 0
    RotationY: -2.6797070503234863
    RotationZ: 0
    SpawnType: 1
    SpawnArgument: 50
    Serial: 7
    Argument1: 0
    Argument2: 0
    ReactionCommand: 0
    SpawnDelay: 0
    Command: 0
    SpawnRange: 0
    Level: 0
    Medal: 0
  - ObjectId: 567
    PositionX: -940.8284912109375
    PositionY: -1.7223550457856618E-05
    PositionZ: 1320.5350341796875
    RotationX: 0
    RotationY: -2.6797070503234863
    RotationZ: 0
    SpawnType: 1
    SpawnArgument: 50
    Serial: 8
    Argument1: 0
    Argument2: 0
    ReactionCommand: 0
    SpawnDelay: 0
    Command: 0
    SpawnRange: 0
    Level: 0
    Medal: 0
  - ObjectId: 568
    PositionX: -761.78582763671875
    PositionY: -1.3327659871720243E-05
    PositionZ: 1409.6619873046875
    RotationX: 0
    RotationY: -2.6797070503234863
    RotationZ: 0
    SpawnType: 1
    SpawnArgument: 50
    Serial: 9
    Argument1: 0
    Argument2: 0
    ReactionCommand: 0
    SpawnDelay: 0
    Command: 0
    SpawnRange: 0
    Level: 0
    Medal: 0
  EventActivators: []
  WalkPath: []
  ReturnParameters: []
  Signals: []
