- Type: 6
  Flag: 0
  Id: 1432
  Teleport:
    Place: 0
    Door: 0
    World: 0
    Unknown: 0
  Unk20: 0
  Unk24: 0
  Entities:
  - ObjectId: 1315
    PositionX: 415.75021362304688
    PositionY: -1.5873949450906366E-05
    PositionZ: -583.19952392578125
    RotationX: 0
    RotationY: -0.52359879016876221
    RotationZ: 0
    SpawnType: 0
    SpawnArgument: 0
    Serial: 134
    Argument1: 0
    Argument2: 1
    ReactionCommand: 1741
    SpawnDelay: 0
    Command: 31
    SpawnRange: 0
    Level: 0
    Medal: 0
  EventActivators:
  - Shape: 0
    Option: 1
    PositionX: 342.58718872070312
    PositionY: -100.00000762939453
    PositionZ: -379.85360717773438
    ScaleX: 88.82550048828125
    ScaleY: 100
    ScaleZ: 45.931499481201172
    RotationX: 0
    RotationY: -2.1102392673492432
    RotationZ: 0
    Flags: 0
    Type: 0
    OnBgGroup: 0
    OffBgGroup: 0
  - Shape: 0
    Option: 0
    PositionX: 247.5950927734375
    PositionY: -100
    PositionZ: -573.5369873046875
    ScaleX: 101.95950317382812
    ScaleY: 100
    ScaleZ: 45.931503295898438
    RotationX: 0
    RotationY: 3.1118767261505127
    RotationZ: 0
    Flags: 0
    Type: 0
    OnBgGroup: 0
    OffBgGroup: 0
  - Shape: 0
    Option: 0
    PositionX: 166.51240539550781
    PositionY: -99.999992370605469
    PositionZ: -335.75918579101562
    ScaleX: 91.111602783203125
    ScaleY: 100
    ScaleZ: 45.931503295898438
    RotationX: 0
    RotationY: -2.5197300910949707
    RotationZ: 0
    Flags: 0
    Type: 0
    OnBgGroup: 0
    OffBgGroup: 0
  WalkPath:
  - Serial: 151
    Flag: 1
    Id: 0
    Positions:
    - X: 391.3074951171875
      Y: 1.9203700503567234E-05
      Z: -306.16580200195312
    - X: 286.99398803710938
      Y: 1.6016818335629068E-05
      Z: -233.25846862792969
    - X: 180.43710327148438
      Y: -1.6016820154618472E-05
      Z: -233.25846862792969
    - X: 137.22380065917969
      Y: 1.0283934898325242E-05
      Z: -313.36505126953125
    - X: 225.95719909667969
      Y: 6.0891998145962134E-06
      Z: -409.32931518554688
    - X: 140.0364990234375
      Y: 2.2921699383005034E-06
      Z: -496.1951904296875
    - X: 223.05979919433594
      Y: 2.0018098894070135E-06
      Z: -594.43011474609375
    - X: 384.74761962890625
      Y: 5.3567998747894308E-07
      Z: -560.88897705078125
    - X: 361.02291870117188
      Y: 3.8816601772850845E-06
      Z: -459.83200073242188
    - X: 392.97113037109375
      Y: 7.4931299423042219E-06
      Z: -377.21124267578125
    - X: 263.79840087890625
      Y: 1.8780690879793838E-05
      Z: -296.48846435546875
    - X: 111.90879821777344
      Y: 6.5954300225712359E-06
      Z: -397.74822998046875
    - X: 263.79840087890625
      Y: 2.4151199795596767E-06
      Z: -493.38250732421875
  ReturnParameters:
  - Id: 0
    Type: 2
    Rate: 0
    EntryType: 1
    Argument04: 1314
    Argument08: 0
    Argument0c: 0
  - Id: 0
    Type: 0
    Rate: 0
    EntryType: 4
    Argument04: 0
    Argument08: 0
    Argument0c: 0
  - Id: 0
    Type: 0
    Rate: 0
    EntryType: 0
    Argument04: 0
    Argument08: 0
    Argument0c: 0
  - Id: 1
    Type: 0
    Rate: 30
    EntryType: 0
    Argument04: 0
    Argument08: 0
    Argument0c: 0
  - Id: 1
    Type: 3
    Rate: 30
    EntryType: 0
    Argument04: 0
    Argument08: 0
    Argument0c: 0
  Signals: []
