- Type: 3
  Flag: 0
  Id: 134
  Teleport:
    Place: 9
    Door: 0
    World: 0
    Unknown: 0
  Unk20: 0
  Unk24: 0
  Entities: []
  EventActivators:
  - Shape: 0
    Option: 0
    PositionX: -812.13201904296875
    PositionY: -490
    PositionZ: -131.06199645996094
    ScaleX: 199.93150329589844
    ScaleY: 500
    ScaleZ: 391.06100463867188
    RotationX: 0
    RotationY: -3.1409904956817627
    RotationZ: 0
    Flags: 0
    Type: 0
    OnBgGroup: 0
    OffBgGroup: 0
  WalkPath: []
  ReturnParameters: []
  Signals: []
