- Type: 10
  Flag: 0
  Id: 568
  Teleport:
    Place: 0
    Door: 0
    World: 0
    Unknown: 0
  Unk20: 0
  Unk24: 0
  Entities: []
  EventActivators:
  - Shape: 0
    Option: 0
    PositionX: -549.1309814453125
    PositionY: -409.23471069335938
    PositionZ: -447.05398559570312
    ScaleX: 447.61648559570312
    ScaleY: 614.8699951171875
    ScaleZ: 546.30499267578125
    RotationX: 0
    RotationY: 0
    RotationZ: 0
    Flags: 0
    Type: 0
    OnBgGroup: 0
    OffBgGroup: 0
  WalkPath:
  - Serial: 146
    Flag: 2
    Id: 0
    Positions:
    - X: -600
      Y: -300
      Z: 49.984199523925781
    - X: -600
      Y: -300
      Z: -500
    - X: -949.40301513671875
      Y: -300
      Z: -500
  ReturnParameters:
  - Id: 0
    Type: 0
    Rate: 0
    EntryType: 0
    Argument04: 0
    Argument08: 0
    Argument0c: 0
  - Id: 0
    Type: 0
    Rate: 0
    EntryType: 0
    Argument04: 0
    Argument08: 0
    Argument0c: 0
  - Id: 0
    Type: 0
    Rate: 0
    EntryType: 0
    Argument04: 0
    Argument08: 0
    Argument0c: 0
  Signals: []
