- Type: 6
  Flag: 0
  Id: 330
  Teleport:
    Place: 0
    Door: 0
    World: 0
    Unknown: 0
  Unk20: 0
  Unk24: 0
  Entities:
  - ObjectId: 1174
    PositionX: -311.25131225585938
    PositionY: -0.50000852346420288
    PositionZ: 4.323638916015625
    RotationX: 0
    RotationY: 1.0202758312225342
    RotationZ: 0
    SpawnType: 0
    SpawnArgument: 0
    Serial: 44
    Argument1: 0
    Argument2: 0
    ReactionCommand: 852
    SpawnDelay: 0
    Command: 31
    SpawnRange: 0
    Level: 0
    Medal: 0
  EventActivators:
  - Shape: 0
    Option: 1
    PositionX: -481.2080078125
    PositionY: -100
    PositionZ: 30.393039703369141
    ScaleX: 68.70050048828125
    ScaleY: 100
    ScaleZ: 39.545650482177734
    RotationX: 0
    RotationY: 1.5683977603912354
    RotationZ: 0
    Flags: 0
    Type: 0
    OnBgGroup: 0
    OffBgGroup: 0
  - Shape: 0
    Option: 2
    PositionX: -228.42840576171875
    PositionY: -100
    PositionZ: 293.96090698242188
    ScaleX: 72.999000549316406
    ScaleY: 100
    ScaleZ: 36.525550842285156
    RotationX: 0
    RotationY: 1.0062259435653687
    RotationZ: 0
    Flags: 0
    Type: 0
    OnBgGroup: 0
    OffBgGroup: 0
  - Shape: 0
    Option: 3
    PositionX: -157.87480163574219
    PositionY: -100
    PositionZ: 145.54570007324219
    ScaleX: 138.22900390625
    ScaleY: 100
    ScaleZ: 36.913650512695312
    RotationX: 0
    RotationY: -0.14567971229553223
    RotationZ: 0
    Flags: 0
    Type: 0
    OnBgGroup: 0
    OffBgGroup: 0
  WalkPath:
  - Serial: 46
    Flag: 1
    Id: 0
    Positions:
    - X: -463.972412109375
      Y: -10.499979972839355
      Z: -13.666899681091309
    - X: -338.059814453125
      Y: -10.499999046325684
      Z: -32.553791046142578
    - X: -273.0050048828125
      Y: -10.500025749206543
      Z: 66.077743530273438
    - X: -157.58509826660156
      Y: -8.2187089920043945
      Z: 70.274833679199219
    - X: -138.69819641113281
      Y: -13.360191345214844
      Z: 135.32969665527344
    - X: -241.52679443359375
      Y: -10.000166893005371
      Z: 250.74960327148438
    - X: -192.51480102539062
      Y: -10.000202178955078
      Z: 324.65130615234375
    - X: -82.037498474121094
      Y: -10.000249862670898
      Z: 311.6072998046875
    - X: 16.593999862670898
      Y: -13.360174179077148
      Z: 202.48309326171875
    - X: -21.179800033569336
      Y: -11.772540092468262
      Z: 135.32969665527344
    - X: -258.315185546875
      Y: -10.000430107116699
      Z: 166.80780029296875
    - X: -396.81903076171875
      Y: -10.000140190124512
      Z: 168.90640258789062
    - X: -482.85931396484375
      Y: -9.9999799728393555
      Z: 76.570480346679688
  ReturnParameters:
  - Id: 0
    Type: 8
    Rate: 0
    EntryType: 1
    Argument04: 1175
    Argument08: 0
    Argument0c: 0
  - Id: 1
    Type: 0
    Rate: 25
    EntryType: 3
    Argument04: -1004598687
    Argument08: -1017038091
    Argument0c: 1090099639
  - Id: 1
    Type: 3
    Rate: 30
    EntryType: 0
    Argument04: 0
    Argument08: 0
    Argument0c: 0
  - Id: 1
    Type: 4
    Rate: 10
    EntryType: 2
    Argument04: 0
    Argument08: 0
    Argument0c: 0
  - Id: 2
    Type: 4
    Rate: 30
    EntryType: 2
    Argument04: 0
    Argument08: 0
    Argument0c: 0
  - Id: 2
    Type: 3
    Rate: 30
    EntryType: 0
    Argument04: 0
    Argument08: 0
    Argument0c: 0
  - Id: 3
    Type: 3
    Rate: 10
    EntryType: 2
    Argument04: 0
    Argument08: 0
    Argument0c: 0
  - Id: 3
    Type: 0
    Rate: 10
    EntryType: 0
    Argument04: 0
    Argument08: 0
    Argument0c: 0
  - Id: 3
    Type: 3
    Rate: 40
    EntryType: 0
    Argument04: 0
    Argument08: 0
    Argument0c: 0
  Signals: []
