- Type: 6
  Flag: 0
  Id: 596
  Teleport:
    Place: 0
    Door: 0
    World: 0
    Unknown: 0
  Unk20: 0
  Unk24: 0
  Entities:
  - ObjectId: 1175
    PositionX: 149.8262939453125
    PositionY: 1.7815330028533936
    PositionZ: 277.45339965820312
    RotationX: 0
    RotationY: 2.0216078758239746
    RotationZ: 0
    SpawnType: 0
    SpawnArgument: 0
    Serial: 62
    Argument1: 0
    Argument2: 0
    ReactionCommand: 844
    SpawnDelay: 0
    Command: 31
    SpawnRange: 0
    Level: 0
    Medal: 0
  EventActivators:
  - Shape: 0
    Option: 1
    PositionX: 16.044240951538086
    PositionY: -103.36016845703125
    PositionZ: 331.6234130859375
    ScaleX: 65.548500061035156
    ScaleY: 100
    ScaleZ: 25.054649353027344
    RotationX: 0
    RotationY: 0.048964846879243851
    RotationZ: 0
    Flags: 0
    Type: 0
    OnBgGroup: 0
    OffBgGroup: 0
  - Shape: 0
    Option: 2
    PositionX: 217.81010437011719
    PositionY: -103.36016845703125
    PositionZ: 316.885498046875
    ScaleX: 45.021450042724609
    ScaleY: 100
    ScaleZ: 25.054649353027344
    RotationX: 0
    RotationY: -0.48090279102325439
    RotationZ: 0
    Flags: 0
    Type: 0
    OnBgGroup: 0
    OffBgGroup: 0
  - Shape: 0
    Option: 3
    PositionX: 27.110919952392578
    PositionY: -103.36016845703125
    PositionZ: 30.05647087097168
    ScaleX: 65.548500061035156
    ScaleY: 100
    ScaleZ: 25.054649353027344
    RotationX: 0
    RotationY: -1.6244714260101318
    RotationZ: 0
    Flags: 0
    Type: 0
    OnBgGroup: 0
    OffBgGroup: 0
  WalkPath:
  - Serial: 79
    Flag: 1
    Id: 0
    Positions:
    - X: 83.369827270507812
      Y: -1.772523045539856
      Z: 251.14840698242188
    - X: 173.0858154296875
      Y: -13.360173225402832
      Z: 264.53775024414062
    - X: 227.91242980957031
      Y: -8.2185287475585938
      Z: 261.69854736328125
    - X: 261.18753051757812
      Y: -8.218505859375
      Z: 272.78192138671875
    - X: 214.34242248535156
      Y: -8.2185096740722656
      Z: 313.34304809570312
    - X: 90.585739135742188
      Y: -8.2186508178710938
      Z: 325.00238037109375
    - X: -59.987770080566406
      Y: -11.773253440856934
      Z: 312.82620239257812
    - X: -100.94316864013672
      Y: -11.773253440856934
      Z: 206.02096557617188
    - X: -149.1259765625
      Y: -13.360182762145996
      Z: 197.99049377441406
    - X: -192.61466979980469
      Y: -10.000197410583496
      Z: 295.924072265625
    - X: -77.445167541503906
      Y: -10.000259399414062
      Z: 317.90975952148438
    - X: -42.963771820068359
      Y: -13.360173225402832
      Z: 190.89193725585938
    - X: -87.467872619628906
      Y: -8.2186489105224609
      Z: 48.596900939941406
    - X: -46.856670379638672
      Y: -8.2185173034667969
      Z: -39.672599792480469
    - X: 19.254720687866211
      Y: -8.2186651229858398
      Z: -53.464500427246094
    - X: 35.345771789550781
      Y: -13.294563293457031
      Z: 109.16929626464844
  ReturnParameters:
  - Id: 0
    Type: 2
    Rate: 0
    EntryType: 1
    Argument04: 1174
    Argument08: 0
    Argument0c: 0
  - Id: 1
    Type: 0
    Rate: 30
    EntryType: 3
    Argument04: -1062749440
    Argument08: -1024595303
    Argument0c: 1140933357
  - Id: 1
    Type: 3
    Rate: 30
    EntryType: 0
    Argument04: 0
    Argument08: 0
    Argument0c: 0
  - Id: 2
    Type: 0
    Rate: 30
    EntryType: 3
    Argument04: 1133758084
    Argument08: -1026534198
    Argument0c: 1137803356
  - Id: 2
    Type: 3
    Rate: 30
    EntryType: 0
    Argument04: 0
    Argument08: 0
    Argument0c: 0
  - Id: 3
    Type: 0
    Rate: 30
    EntryType: 3
    Argument04: 1139302738
    Argument08: -1003815947
    Argument0c: -1050135295
  - Id: 3
    Type: 3
    Rate: 30
    EntryType: 0
    Argument04: 0
    Argument08: 0
    Argument0c: 0
  Signals: []
