- Type: 6
  Flag: 0
  Id: 532
  Teleport:
    Place: 0
    Door: 0
    World: 0
    Unknown: 0
  Unk20: 0
  Unk24: 0
  Entities:
  - ObjectId: 1176
    PositionX: -35.069019317626953
    PositionY: -0.49999859929084778
    PositionZ: 136.38529968261719
    RotationX: 0
    RotationY: -0.98800331354141235
    RotationZ: 0
    SpawnType: 0
    SpawnArgument: 0
    Serial: 60
    Argument1: 0
    Argument2: 0
    ReactionCommand: 831
    SpawnDelay: 0
    Command: 31
    SpawnRange: 0
    Level: 0
    Medal: 0
  EventActivators:
  - Shape: 0
    Option: 0
    PositionX: 156.39939880371094
    PositionY: -98.218780517578125
    PositionZ: 315.70858764648438
    ScaleX: 71.256500244140625
    ScaleY: 100
    ScaleZ: 39.533138275146484
    RotationX: 0
    RotationY: -0.30715823173522949
    RotationZ: 0
    Flags: 0
    Type: 0
    OnBgGroup: 0
    OffBgGroup: 0
  WalkPath:
  - Serial: 81
    Flag: 1
    Id: 0
    Positions:
    - X: 229.82589721679688
      Y: 1.7814879417419434
      Z: 273.81658935546875
    - X: 139.55654907226562
      Y: -1.7732540369033813
      Z: 323.24981689453125
    - X: 34.242298126220703
      Y: -1.7732609510421753
      Z: 295.30929565429688
    - X: -47.429901123046875
      Y: -3.3601810932159424
      Z: 194.29362487792969
    - X: -81.81829833984375
      Y: 1.7815964221954346
      Z: 30.949100494384766
    - X: -40.982101440429688
      Y: -3.3602850437164307
      Z: 14.931400299072266
    - X: 4.1525001525878906
      Y: -3.3601839542388916
      Z: 164.20379638671875
    - X: 81.526298522949219
      Y: -1.7725180387496948
      Z: 248.02537536621094
    - X: 225.52737426757812
      Y: -1.7725130319595337
      Z: 235.1297607421875
  ReturnParameters:
  - Id: 0
    Type: 2
    Rate: 0
    EntryType: 1
    Argument04: 1175
    Argument08: 0
    Argument0c: 0
  Signals: []
