- Type: 6
  Flag: 0
  Id: 480
  Teleport:
    Place: 0
    Door: 0
    World: 0
    Unknown: 0
  Unk20: 0
  Unk24: 0
  Entities:
  - ObjectId: 1176
    PositionX: -35.069019317626953
    PositionY: -0.49999859929084778
    PositionZ: 136.38529968261719
    RotationX: 0
    RotationY: -0.98800331354141235
    RotationZ: 0
    SpawnType: 0
    SpawnArgument: 0
    Serial: 59
    Argument1: 0
    Argument2: 0
    ReactionCommand: 832
    SpawnDelay: 0
    Command: 31
    SpawnRange: 0
    Level: 0
    Medal: 0
  EventActivators:
  - Shape: 0
    Option: 0
    PositionX: 1.9136830568313599
    PositionY: -100.00005340576172
    PositionZ: -308.03140258789062
    ScaleX: 63.5802001953125
    ScaleY: 100.00005340576172
    ScaleZ: 31.378900527954102
    RotationX: 0
    RotationY: -0.59360235929489136
    RotationZ: 0
    Flags: 0
    Type: 0
    OnBgGroup: 0
    OffBgGroup: 0
  - Shape: 0
    Option: 1
    PositionX: -247.63960266113281
    PositionY: -100
    PositionZ: -228.46830749511719
    ScaleX: 75.802001953125
    ScaleY: 100
    ScaleZ: 31.378900527954102
    RotationX: 0
    RotationY: 0.48986470699310303
    RotationZ: 0
    Flags: 0
    Type: 0
    OnBgGroup: 0
    OffBgGroup: 0
  WalkPath:
  - Serial: 82
    Flag: 1
    Id: 0
    Positions:
    - X: -184.114501953125
      Y: -0.50000417232513428
      Z: -257.62109375
    - X: -85.751937866210938
      Y: -8.2186822891235352
      Z: -171.04876708984375
    - X: 12.724200248718262
      Y: -11.773294448852539
      Z: -251.0645751953125
    - X: 69.581497192382812
      Y: -12.300014495849609
      Z: -261.89828491210938
    - X: 86.101600646972656
      Y: -13.90001392364502
      Z: -315.964111328125
    - X: 39.978298187255859
      Y: -10.50002384185791
      Z: -341.6060791015625
    - X: -78.291801452636719
      Y: -13.360203742980957
      Z: -265.31707763671875
    - X: -203.78678894042969
      Y: -10.49997615814209
      Z: -352.97024536132812
    - X: -303.6123046875
      Y: -10.499992370605469
      Z: -264.0782470703125
    - X: -138.37191772460938
      Y: -10.500014305114746
      Z: -196.38470458984375
    - X: -73.50689697265625
      Y: -9.9999942779541016
      Z: -307.9749755859375
    - X: -147.65010070800781
      Y: -10.499978065490723
      Z: -327.7301025390625
  ReturnParameters:
  - Id: 0
    Type: 2
    Rate: 0
    EntryType: 0
    Argument04: 0
    Argument08: 0
    Argument0c: 0
  - Id: 1
    Type: 0
    Rate: 30
    EntryType: 0
    Argument04: 0
    Argument08: 0
    Argument0c: 0
  - Id: 1
    Type: 3
    Rate: 30
    EntryType: 0
    Argument04: 0
    Argument08: 0
    Argument0c: 0
  Signals: []
