- Type: 6
  Flag: 0
  Id: 222
  Teleport:
    Place: 0
    Door: 0
    World: 0
    Unknown: 0
  Unk20: 0
  Unk24: 0
  Entities:
  - ObjectId: 1176
    PositionX: -206.97650146484375
    PositionY: -0.50000977516174316
    PositionZ: -192.14639282226562
    RotationX: 0
    RotationY: 1.5635943412780762
    RotationZ: 0
    SpawnType: 0
    SpawnArgument: 0
    Serial: 40
    Argument1: 0
    Argument2: 0
    ReactionCommand: 248
    SpawnDelay: 0
    Command: 31
    SpawnRange: 0
    Level: 0
    Medal: 0
  EventActivators:
  - Shape: 0
    Option: 2
    PositionX: -205.28770446777344
    PositionY: -100.50051879882812
    PositionZ: -291.9552001953125
    ScaleX: 109.04534912109375
    ScaleY: 100
    ScaleZ: 66.635498046875
    RotationX: 0
    RotationY: 0.8859289288520813
    RotationZ: 0
    Flags: 0
    Type: 0
    OnBgGroup: 0
    OffBgGroup: 0
  - Shape: 0
    Option: 1
    PositionX: -73.998672485351562
    PositionY: -100.50051879882812
    PositionZ: -91.345367431640625
    ScaleX: 103.45525360107422
    ScaleY: 100
    ScaleZ: 65.958503723144531
    RotationX: 0
    RotationY: 0.8859289288520813
    RotationZ: 0
    Flags: 0
    Type: 0
    OnBgGroup: 0
    OffBgGroup: 0
  WalkPath:
  - Serial: 49
    Flag: 1
    Id: 0
    Positions:
    - X: -15.961310386657715
      Y: -3
      Z: -1.081760048866272
    - X: -94.249931335449219
      Y: -12.999810218811035
      Z: -37.730831146240234
    - X: -54.772441864013672
      Y: -13.000109672546387
      Z: -157.57826232910156
    - X: -163.69401550292969
      Y: -14.781680107116699
      Z: -163.83805847167969
    - X: -141.15850830078125
      Y: -15.281370162963867
      Z: -263.995849609375
    - X: -246.32411193847656
      Y: -15.281370162963867
      Z: -270.25576782226562
    - X: -250.08001708984375
      Y: -15.281359672546387
      Z: -375.42135620117188
    - X: -152.42620849609375
      Y: -10.500004768371582
      Z: -347.87796020507812
    - X: -202.50511169433594
      Y: -9.999847412109375
      Z: -215.16896057128906
    - X: -93.046348571777344
      Y: -13.360199928283691
      Z: -215.84295654296875
    - X: -128.63880920410156
      Y: -13.360199928283691
      Z: -104.99546051025391
    - X: 2.8182899951934814
      Y: -15.281299591064453
      Z: -94.979660034179688
  ReturnParameters:
  - Id: 1
    Type: 4
    Rate: 25
    EntryType: 0
    Argument04: 0
    Argument08: 0
    Argument0c: 0
  - Id: 1
    Type: 0
    Rate: 10
    EntryType: 0
    Argument04: 0
    Argument08: 0
    Argument0c: 0
  - Id: 1
    Type: 3
    Rate: 30
    EntryType: 0
    Argument04: 0
    Argument08: 0
    Argument0c: 0
  - Id: 2
    Type: 4
    Rate: 25
    EntryType: 0
    Argument04: 0
    Argument08: 0
    Argument0c: 0
  - Id: 2
    Type: 0
    Rate: 10
    EntryType: 0
    Argument04: 0
    Argument08: 0
    Argument0c: 0
  - Id: 2
    Type: 3
    Rate: 30
    EntryType: 0
    Argument04: 0
    Argument08: 0
    Argument0c: 0
  Signals: []
