- Type: 1
  Flag: 0
  Id: 21
  Teleport:
    Place: 0
    Door: 0
    World: 0
    Unknown: 0
  Unk20: 0
  Unk24: 0
  Entities:
  - ObjectId: 566
    PositionX: -71.527366638183594
    PositionY: 1.7812399864196777
    PositionZ: -194.95849609375
    RotationX: 0
    RotationY: 0.089324012398719788
    RotationZ: 0
    SpawnType: 1
    SpawnArgument: 50
    Serial: 4
    Argument1: 0
    Argument2: 0
    ReactionCommand: 0
    SpawnDelay: 0
    Command: 0
    SpawnRange: 0
    Level: 0
    Medal: 0
  - ObjectId: 567
    PositionX: 18.232389450073242
    PositionY: 1.7813639640808105
    PositionZ: -76.152900695800781
    RotationX: 0
    RotationY: 0.089324012398719788
    RotationZ: 0
    SpawnType: 1
    SpawnArgument: 50
    Serial: 5
    Argument1: 0
    Argument2: 0
    ReactionCommand: 0
    SpawnDelay: 0
    Command: 0
    SpawnRange: 0
    Level: 0
    Medal: 0
  - ObjectId: 568
    PositionX: -180.97019958496094
    PositionY: -0.00052651239093393087
    PositionZ: -93.993942260742188
    RotationX: 0
    RotationY: 0.089324012398719788
    RotationZ: 0
    SpawnType: 1
    SpawnArgument: 50
    Serial: 6
    Argument1: 0
    Argument2: 0
    ReactionCommand: 0
    SpawnDelay: 0
    Command: 0
    SpawnRange: 0
    Level: 0
    Medal: 0
  EventActivators: []
  WalkPath: []
  ReturnParameters: []
  Signals: []
