- Type: 6
  Flag: 0
  Id: 1007
  Teleport:
    Place: 0
    Door: 0
    World: 0
    Unknown: 0
  Unk20: 0
  Unk24: 0
  Entities:
  - ObjectId: 2130
    PositionX: -455.22390747070312
    PositionY: -0.50003969669342041
    PositionZ: 77.239532470703125
    RotationX: 0
    RotationY: 0
    RotationZ: 0
    SpawnType: 0
    SpawnArgument: 0
    Serial: 85
    Argument1: 0
    Argument2: 0
    ReactionCommand: 1832
    SpawnDelay: 0
    Command: 642
    SpawnRange: 0
    Level: 0
    Medal: 0
  EventActivators:
  - Shape: 0
    Option: 1
    PositionX: -242.00230407714844
    PositionY: -101.77326965332031
    PositionZ: 124.40519714355469
    ScaleX: 128.64175415039062
    ScaleY: 100
    ScaleZ: 35.987930297851562
    RotationX: 0
    RotationY: -0.60423541069030762
    RotationZ: 0
    Flags: 0
    Type: 0
    OnBgGroup: 0
    OffBgGroup: 0
  - Shape: 0
    Option: 1
    PositionX: -444.11898803710938
    PositionY: -101.77326965332031
    PositionZ: -3.7478790283203125
    ScaleX: 150.18209838867188
    ScaleY: 100
    ScaleZ: 33.72467041015625
    RotationX: 0
    RotationY: -1.5455605983734131
    RotationZ: 0
    Flags: 0
    Type: 0
    OnBgGroup: 0
    OffBgGroup: 0
  WalkPath:
  - Serial: 86
    Flag: 1
    Id: 0
    Positions:
    - X: -311.99288940429688
      Y: 1.254717972187791E-05
      Z: -97.975570678710938
    - X: -205.7969970703125
      Y: -1.7733314037322998
      Z: -78.0638427734375
    - X: -247.1712646484375
      Y: 1.7812244892120361
      Z: 241.95413208007812
    - X: -324.92581176757812
      Y: 0.00023804887314327061
      Z: 177.12803649902344
    - X: -398.02481079101562
      Y: 0.00023935108038131148
      Z: 188.11962890625
    - X: -402.55474853515625
      Y: -0.50005656480789185
      Z: 77.060630798339844
    - X: -143.43339538574219
      Y: -3.7636900742654689E-06
      Z: 1.6007599830627441
    - X: -158.4093017578125
      Y: -3.3602414131164551
      Z: 60.143131256103516
    - X: -354.60440063476562
      Y: -1.7733263969421387
      Z: 173.90213012695312
    - X: -289.10867309570312
      Y: -0.50002902746200562
      Z: -54.218761444091797
    - X: -423.3363037109375
      Y: -0.50005775690078735
      Z: -188.83163452148438
    - X: -437.18838500976562
      Y: -0.50005394220352173
      Z: 155.19172668457031
    - X: -384.28302001953125
      Y: -10.499997138977051
      Z: 167.45022583007812
  ReturnParameters:
  - Id: 0
    Type: 2
    Rate: 0
    EntryType: 0
    Argument04: 0
    Argument08: 0
    Argument0c: 0
  - Id: 1
    Type: 0
    Rate: 20
    EntryType: 2
    Argument04: 0
    Argument08: 0
    Argument0c: 0
  - Id: 1
    Type: 0
    Rate: 10
    EntryType: 0
    Argument04: 0
    Argument08: 0
    Argument0c: 0
  - Id: 1
    Type: 3
    Rate: 30
    EntryType: 0
    Argument04: 0
    Argument08: 0
    Argument0c: 0
  Signals: []
