- Type: 1
  Flag: 0
  Id: 64
  Teleport:
    Place: 0
    Door: 0
    World: 0
    Unknown: 0
  Unk20: 0
  Unk24: 0
  Entities:
  - ObjectId: 566
    PositionX: -36.437519073486328
    PositionY: 100.44069671630859
    PositionZ: 837.640380859375
    RotationX: 0
    RotationY: -2.268928050994873
    RotationZ: 0
    SpawnType: 1
    SpawnArgument: 50
    Serial: 12
    Argument1: 0
    Argument2: 0
    ReactionCommand: 0
    SpawnDelay: 0
    Command: 0
    SpawnRange: 0
    Level: 0
    Medal: 0
  - ObjectId: 567
    PositionX: -24.111820220947266
    PositionY: 100.44080352783203
    PositionZ: 696.7572021484375
    RotationX: 0
    RotationY: -2.268928050994873
    RotationZ: 0
    SpawnType: 1
    SpawnArgument: 50
    Serial: 13
    Argument1: 0
    Argument2: 0
    ReactionCommand: 0
    SpawnDelay: 0
    Command: 0
    SpawnRange: 0
    Level: 0
    Medal: 0
  - ObjectId: 568
    PositionX: 104.44570159912109
    PositionY: 100.44069671630859
    PositionZ: 849.96612548828125
    RotationX: 0
    RotationY: -2.268928050994873
    RotationZ: 0
    SpawnType: 1
    SpawnArgument: 50
    Serial: 14
    Argument1: 0
    Argument2: 0
    ReactionCommand: 0
    SpawnDelay: 0
    Command: 0
    SpawnRange: 0
    Level: 0
    Medal: 0
  EventActivators: []
  WalkPath: []
  ReturnParameters: []
  Signals: []
