- Type: 1
  Flag: 0
  Id: 266
  Teleport:
    Place: 0
    Door: 0
    World: 0
    Unknown: 0
  Unk20: 0
  Unk24: 0
  Entities:
  - ObjectId: 566
    PositionX: -285.94241333007812
    PositionY: 100.69779968261719
    PositionZ: 472.505615234375
    RotationX: 0
    RotationY: -0.34906584024429321
    RotationZ: 0
    SpawnType: 1
    SpawnArgument: 53
    Serial: 36
    Argument1: 0
    Argument2: 0
    ReactionCommand: 0
    SpawnDelay: 0
    Command: 0
    SpawnRange: 0
    Level: 0
    Medal: 0
  - ObjectId: 567
    PositionX: -110.7864990234375
    PositionY: 100.70020294189453
    PositionZ: 515.171875
    RotationX: 0
    RotationY: -0.34906584024429321
    RotationZ: 0
    SpawnType: 1
    SpawnArgument: 53
    Serial: 37
    Argument1: 0
    Argument2: 0
    ReactionCommand: 0
    SpawnDelay: 0
    Command: 0
    SpawnRange: 0
    Level: 0
    Medal: 0
  - ObjectId: 568
    PositionX: -392.69439697265625
    PositionY: 100.70010375976562
    PositionZ: 617.77789306640625
    RotationX: 0
    RotationY: -0.34906584024429321
    RotationZ: 0
    SpawnType: 1
    SpawnArgument: 53
    Serial: 38
    Argument1: 0
    Argument2: 0
    ReactionCommand: 0
    SpawnDelay: 0
    Command: 0
    SpawnRange: 0
    Level: 0
    Medal: 0
  EventActivators: []
  WalkPath: []
  ReturnParameters: []
  Signals: []
