- Type: 6
  Flag: 0
  Id: 98
  Teleport:
    Place: 0
    Door: 0
    World: 0
    Unknown: 0
  Unk20: 0
  Unk24: 0
  Entities:
  - ObjectId: 1287
    PositionX: -290.1322021484375
    PositionY: 100.66549682617188
    PositionZ: 1693.696044921875
    RotationX: 0
    RotationY: 0.56109702587127686
    RotationZ: 0
    SpawnType: 0
    SpawnArgument: 0
    Serial: 21
    Argument1: 0
    Argument2: 0
    ReactionCommand: 619
    SpawnDelay: 0
    Command: 31
    SpawnRange: 0
    Level: 0
    Medal: 0
  EventActivators:
  - Shape: 0
    Option: 0
    PositionX: -168.21330261230469
    PositionY: 0.69059997797012329
    PositionZ: 1586.4949951171875
    ScaleX: 101.81960296630859
    ScaleY: 100
    ScaleZ: 56.033748626708984
    RotationX: 0
    RotationY: -1.5707963705062866
    RotationZ: 0
    Flags: 0
    Type: 0
    OnBgGroup: 0
    OffBgGroup: 0
  - Shape: 0
    Option: 0
    PositionX: -545.3594970703125
    PositionY: 0.69059997797012329
    PositionZ: 1770.447998046875
    ScaleX: 138.13784790039062
    ScaleY: 100
    ScaleZ: 56.033748626708984
    RotationX: 0
    RotationY: -0.27031710743904114
    RotationZ: 0
    Flags: 0
    Type: 0
    OnBgGroup: 0
    OffBgGroup: 0
  - Shape: 0
    Option: 1
    PositionX: -531.48138427734375
    PositionY: 0.69059997797012329
    PositionZ: 1556.5489501953125
    ScaleX: 166.46650695800781
    ScaleY: 100
    ScaleZ: 56.034000396728516
    RotationX: 0
    RotationY: -0.13389736413955688
    RotationZ: 0
    Flags: 0
    Type: 0
    OnBgGroup: 0
    OffBgGroup: 0
  WalkPath:
  - Serial: 54
    Flag: 1
    Id: 0
    Positions:
    - X: -509.52700805664062
      Y: 100.42960357666016
      Z: 1813.3370361328125
    - X: -566.2391357421875
      Y: 100.46739959716797
      Z: 1652.0670166015625
    - X: -353.47549438476562
      Y: 100.53252410888672
      Z: 1639.871337890625
    - X: -193.49259948730469
      Y: 100.52528381347656
      Z: 1715.509765625
    - X: -167.21539306640625
      Y: 100.59288024902344
      Z: 1520.0262451171875
    - X: -360.87380981445312
      Y: 100.67990875244141
      Z: 1376.4864501953125
    - X: -578.07232666015625
      Y: 100.51838684082031
      Z: 1499.0970458984375
    - X: -406.06021118164062
      Y: 100.48961639404297
      Z: 1706.150146484375
    - X: -683.69512939453125
      Y: 100.39998626708984
      Z: 1789.5665283203125
    - X: -712.73541259765625
      Y: 100.45677185058594
      Z: 1607.7164306640625
    - X: -427.21279907226562
      Y: 100.55268859863281
      Z: 1542.029296875
    - X: -316.2677001953125
      Y: 100.58414459228516
      Z: 1581.8031005859375
    - X: -351.90078735351562
      Y: 100.47133636474609
      Z: 1773.593994140625
  ReturnParameters:
  - Id: 0
    Type: 0
    Rate: 0
    EntryType: 0
    Argument04: 0
    Argument08: 0
    Argument0c: 0
  - Id: 0
    Type: 0
    Rate: 0
    EntryType: 0
    Argument04: 0
    Argument08: 0
    Argument0c: 0
  - Id: 0
    Type: 0
    Rate: 0
    EntryType: 0
    Argument04: 0
    Argument08: 0
    Argument0c: 0
  - Id: 1
    Type: 0
    Rate: 30
    EntryType: 0
    Argument04: 0
    Argument08: 0
    Argument0c: 0
  - Id: 1
    Type: 3
    Rate: 30
    EntryType: 0
    Argument04: 0
    Argument08: 0
    Argument0c: 0
  Signals: []
