- Type: 1
  Flag: 0
  Id: 165
  Teleport:
    Place: 0
    Door: 0
    World: 0
    Unknown: 0
  Unk20: 0
  Unk24: 0
  Entities:
  - ObjectId: 566
    PositionX: 711.898681640625
    PositionY: -1.6550100554013625E-05
    PositionZ: -2407.468994140625
    RotationX: 0
    RotationY: -1.5707963705062866
    RotationZ: 0
    SpawnType: 0
    SpawnArgument: 0
    Serial: 22
    Argument1: 0
    Argument2: 0
    ReactionCommand: 0
    SpawnDelay: 0
    Command: 0
    SpawnRange: 0
    Level: 0
    Medal: 0
  - ObjectId: 567
    PositionX: 861.898681640625
    PositionY: -1.6550100554013625E-05
    PositionZ: -2507.468994140625
    RotationX: 0
    RotationY: -1.5707963705062866
    RotationZ: 0
    SpawnType: 0
    SpawnArgument: 0
    Serial: 23
    Argument1: 0
    Argument2: 0
    ReactionCommand: 0
    SpawnDelay: 0
    Command: 0
    SpawnRange: 0
    Level: 0
    Medal: 0
  - ObjectId: 568
    PositionX: 861.898681640625
    PositionY: -1.6550100554013625E-05
    PositionZ: -2307.468994140625
    RotationX: 0
    RotationY: -1.5707963705062866
    RotationZ: 0
    SpawnType: 0
    SpawnArgument: 0
    Serial: 24
    Argument1: 0
    Argument2: 0
    ReactionCommand: 0
    SpawnDelay: 0
    Command: 0
    SpawnRange: 0
    Level: 0
    Medal: 0
  - ObjectId: 1762
    PositionX: 0
    PositionY: -0
    PositionZ: -0
    RotationX: 0
    RotationY: 0.92500144243240356
    RotationZ: 0
    SpawnType: 0
    SpawnArgument: 0
    Serial: 26
    Argument1: 0
    Argument2: 0
    ReactionCommand: 0
    SpawnDelay: 0
    Command: 0
    SpawnRange: 0
    Level: 0
    Medal: 0
  EventActivators: []
  WalkPath: []
  ReturnParameters: []
  Signals: []
