- Type: 2
  Flag: 0
  Id: 48
  Teleport:
    Place: 0
    Door: 0
    World: 0
    Unknown: 0
  Unk20: 0
  Unk24: 0
  Entities:
  - ObjectId: 1109
    PositionX: 317
    PositionY: -526
    PositionZ: 271
    RotationX: 0
    RotationY: -1.5707963705062866
    RotationZ: 0
    SpawnType: 2
    SpawnArgument: 0
    Serial: 74
    Argument1: 90
    Argument2: 0
    ReactionCommand: 0
    SpawnDelay: 200
    Command: 0
    SpawnRange: 0
    Level: 0
    Medal: 0
  - ObjectId: 123
    PositionX: -86.253143310546875
    PositionY: -372.8865966796875
    PositionZ: 331.60159301757812
    RotationX: 0
    RotationY: -3.0956504344940186
    RotationZ: 0
    SpawnType: 2
    SpawnArgument: 0
    Serial: 10
    Argument1: 0
    Argument2: 0
    ReactionCommand: 0
    SpawnDelay: 25
    Command: 0
    SpawnRange: 0
    Level: 0
    Medal: 0
  - ObjectId: 123
    PositionX: -331.39678955078125
    PositionY: -472.8865966796875
    PositionZ: 220.22560119628906
    RotationX: 0
    RotationY: -3.0956504344940186
    RotationZ: 0
    SpawnType: 2
    SpawnArgument: 0
    Serial: 73
    Argument1: 0
    Argument2: 0
    ReactionCommand: 0
    SpawnDelay: 0
    Command: 0
    SpawnRange: 0
    Level: 0
    Medal: 0
  - ObjectId: 123
    PositionX: 267.97021484375
    PositionY: -472.8865966796875
    PositionZ: 247.78120422363281
    RotationX: 0
    RotationY: -3.0956504344940186
    RotationZ: 0
    SpawnType: 2
    SpawnArgument: 0
    Serial: 8
    Argument1: 0
    Argument2: 0
    ReactionCommand: 0
    SpawnDelay: 40
    Command: 0
    SpawnRange: 0
    Level: 0
    Medal: 0
  - ObjectId: 14
    PositionX: -43.194789886474609
    PositionY: -372.8865966796875
    PositionZ: 483.73959350585938
    RotationX: 0
    RotationY: -3.0956504344940186
    RotationZ: 0
    SpawnType: 2
    SpawnArgument: 0
    Serial: 32
    Argument1: 0
    Argument2: 0
    ReactionCommand: 0
    SpawnDelay: 0
    Command: 0
    SpawnRange: 0
    Level: 0
    Medal: 0
  EventActivators:
  - Shape: 2
    Option: 0
    PositionX: 849.50897216796875
    PositionY: -100
    PositionZ: -0.42581179738044739
    ScaleX: 119.68599700927734
    ScaleY: 100
    ScaleZ: 105.48600006103516
    RotationX: 0
    RotationY: 2.3687591552734375
    RotationZ: 0
    Flags: 0
    Type: 0
    OnBgGroup: 0
    OffBgGroup: 0
  WalkPath: []
  ReturnParameters: []
  Signals: []
