- Type: 1
  Flag: 0
  Id: 65
  Teleport:
    Place: 0
    Door: 0
    World: 0
    Unknown: 0
  Unk20: 0
  Unk24: 0
  Entities:
  - ObjectId: 314
    PositionX: 1651.3929443359375
    PositionY: -97.635566711425781
    PositionZ: 425.02508544921875
    RotationX: 0
    RotationY: 0
    RotationZ: 0
    SpawnType: 1
    SpawnArgument: 0
    Serial: 17
    Argument1: 5
    Argument2: 0
    ReactionCommand: 0
    SpawnDelay: 0
    Command: 0
    SpawnRange: 0
    Level: 0
    Medal: 1
  - ObjectId: 314
    PositionX: -1542.6710205078125
    PositionY: -21.172040939331055
    PositionZ: -318.01129150390625
    RotationX: 0
    RotationY: 0
    RotationZ: 0
    SpawnType: 1
    SpawnArgument: 1
    Serial: 19
    Argument1: 5
    Argument2: 0
    ReactionCommand: 0
    SpawnDelay: 0
    Command: 0
    SpawnRange: 0
    Level: 0
    Medal: 1
  - ObjectId: 1522
    PositionX: 116.41100311279297
    PositionY: -93.665573120117188
    PositionZ: 49.748828887939453
    RotationX: 0
    RotationY: 0
    RotationZ: 0
    SpawnType: 0
    SpawnArgument: 0
    Serial: 20
    Argument1: 0
    Argument2: 0
    ReactionCommand: 0
    SpawnDelay: 0
    Command: 0
    SpawnRange: 0
    Level: 0
    Medal: 0
  EventActivators: []
  WalkPath: []
  ReturnParameters: []
  Signals: []
