- Type: 2
  Flag: 1
  Id: 472
  Teleport:
    Place: 0
    Door: 0
    World: 0
    Unknown: 0
  Unk20: 0
  Unk24: 0
  Entities:
  - ObjectId: 1109
    PositionX: 2740
    PositionY: -70
    PositionZ: 280
    RotationX: 0
    RotationY: -1.5707963705062866
    RotationZ: 0
    SpawnType: 2
    SpawnArgument: 0
    Serial: 317
    Argument1: 93
    Argument2: 0
    ReactionCommand: 0
    SpawnDelay: 0
    Command: 0
    SpawnRange: 0
    Level: 0
    Medal: 0
  EventActivators:
  - Shape: 1
    Option: 0
    PositionX: 2029.7900390625
    PositionY: -125
    PositionZ: 396.9818115234375
    ScaleX: 444.02340698242188
    ScaleY: 175
    ScaleZ: 407.07958984375
    RotationX: 0
    RotationY: 0
    RotationZ: 0
    Flags: 0
    Type: 0
    OnBgGroup: 0
    OffBgGroup: 0
  WalkPath: []
  ReturnParameters:
  - Id: 0
    Type: 0
    Rate: 0
    EntryType: 0
    Argument04: 0
    Argument08: 0
    Argument0c: 0
  - Id: 0
    Type: 0
    Rate: 0
    EntryType: 0
    Argument04: 0
    Argument08: 0
    Argument0c: 0
  - Id: 0
    Type: 0
    Rate: 0
    EntryType: 0
    Argument04: 0
    Argument08: 0
    Argument0c: 0
  Signals:
  - SignalId: 86
    Argument: 474
    Action: 0
    Padding05: 0
    Padding06: 0
    Padding07: 0
- Type: 2
  Flag: 0
  Id: 473
  Teleport:
    Place: 0
    Door: 0
    World: 0
    Unknown: 0
  Unk20: 0
  Unk24: 0
  Entities:
  - ObjectId: 1109
    PositionX: -1520
    PositionY: -150
    PositionZ: -350
    RotationX: 0
    RotationY: 2.9670596122741699
    RotationZ: 0
    SpawnType: 2
    SpawnArgument: 0
    Serial: 319
    Argument1: 91
    Argument2: 0
    ReactionCommand: 0
    SpawnDelay: 0
    Command: 0
    SpawnRange: 0
    Level: 0
    Medal: 0
  - ObjectId: 1109
    PositionX: -1150.68701171875
    PositionY: -150
    PositionZ: -361.76638793945312
    RotationX: 0
    RotationY: -3.1415927410125732
    RotationZ: 0
    SpawnType: 2
    SpawnArgument: 0
    Serial: 318
    Argument1: 91
    Argument2: 0
    ReactionCommand: 0
    SpawnDelay: 0
    Command: 0
    SpawnRange: 0
    Level: 0
    Medal: 0
  EventActivators:
  - Shape: 0
    Option: 0
    PositionX: -1154.4229736328125
    PositionY: -125
    PositionZ: -222.28550720214844
    ScaleX: 395.57699584960938
    ScaleY: 175
    ScaleZ: 327.71450805664062
    RotationX: 0
    RotationY: 0
    RotationZ: 0
    Flags: 0
    Type: 0
    OnBgGroup: 0
    OffBgGroup: 0
  - Shape: 0
    Option: 0
    PositionX: -1652.1839599609375
    PositionY: -125
    PositionZ: -104.28459930419922
    ScaleX: 558.0250244140625
    ScaleY: 175
    ScaleZ: 393.572998046875
    RotationX: 0
    RotationY: -0.72028970718383789
    RotationZ: 0
    Flags: 0
    Type: 0
    OnBgGroup: 0
    OffBgGroup: 0
  WalkPath: []
  ReturnParameters: []
  Signals: []
- Type: 3
  Flag: 0
  Id: 474
  Teleport:
    Place: 86
    Door: 0
    World: 0
    Unknown: 0
  Unk20: 0
  Unk24: 0
  Entities: []
  EventActivators:
  - Shape: 0
    Option: 0
    PositionX: 1235.31201171875
    PositionY: -125
    PositionZ: 226.34739685058594
    ScaleX: 300.3175048828125
    ScaleY: 175
    ScaleZ: 901.25
    RotationX: 0
    RotationY: 0.13730485737323761
    RotationZ: 0
    Flags: 0
    Type: 0
    OnBgGroup: 0
    OffBgGroup: 0
  WalkPath: []
  ReturnParameters:
  - Id: 0
    Type: 0
    Rate: 0
    EntryType: 0
    Argument04: 0
    Argument08: 0
    Argument0c: 0
  - Id: 0
    Type: 0
    Rate: 0
    EntryType: 0
    Argument04: 0
    Argument08: 0
    Argument0c: 0
  - Id: 0
    Type: 0
    Rate: 0
    EntryType: 0
    Argument04: 0
    Argument08: 0
    Argument0c: 0
  Signals: []
