- Type: 1
  Flag: 0
  Id: 111
  Teleport:
    Place: 0
    Door: 0
    World: 0
    Unknown: 0
  Unk20: 0
  Unk24: 0
  Entities:
  - ObjectId: 1221
    PositionX: -427.29998779296875
    PositionY: -799.29998779296875
    PositionZ: -480.10000610351562
    RotationX: 0
    RotationY: 0.23143066465854645
    RotationZ: 0
    SpawnType: 0
    SpawnArgument: 0
    Serial: 48
    Argument1: 10
    Argument2: 0
    ReactionCommand: 0
    SpawnDelay: 0
    Command: 0
    SpawnRange: 0
    Level: 0
    Medal: 0
  - ObjectId: 1221
    PositionX: 727.4000244140625
    PositionY: -806.0999755859375
    PositionZ: 640.5
    RotationX: 0
    RotationY: 0
    RotationZ: 0
    SpawnType: 0
    SpawnArgument: 0
    Serial: 49
    Argument1: 11
    Argument2: 0
    ReactionCommand: 0
    SpawnDelay: 0
    Command: 0
    SpawnRange: 0
    Level: 0
    Medal: 0
  - ObjectId: 1221
    PositionX: 1433.4000244140625
    PositionY: -721.29998779296875
    PositionZ: 28.100000381469727
    RotationX: 0
    RotationY: 0
    RotationZ: 0
    SpawnType: 0
    SpawnArgument: 0
    Serial: 50
    Argument1: 12
    Argument2: 0
    ReactionCommand: 0
    SpawnDelay: 0
    Command: 0
    SpawnRange: 0
    Level: 0
    Medal: 0
  EventActivators: []
  WalkPath: []
  ReturnParameters: []
  Signals: []
