- Type: 1
  Flag: 0
  Id: 44
  Teleport:
    Place: 0
    Door: 0
    World: 0
    Unknown: 0
  Unk20: 0
  Unk24: 0
  Entities:
  - ObjectId: 566
    PositionX: 712.10687255859375
    PositionY: -642.09979248046875
    PositionZ: 627.309814453125
    RotationX: 0
    RotationY: -0.71343106031417847
    RotationZ: 0
    SpawnType: 0
    SpawnArgument: 0
    Serial: 9
    Argument1: 0
    Argument2: 0
    ReactionCommand: 0
    SpawnDelay: 0
    Command: 0
    SpawnRange: 0
    Level: 0
    Medal: 0
  - ObjectId: 1742
    PositionX: 659.98876953125
    PositionY: -640.2689208984375
    PositionZ: 575.392578125
    RotationX: 0
    RotationY: 2.3715724945068359
    RotationZ: 0
    SpawnType: 3
    SpawnArgument: 0
    Serial: 12
    Argument1: 0
    Argument2: 0
    ReactionCommand: 0
    SpawnDelay: 0
    Command: 0
    SpawnRange: 0
    Level: 0
    Medal: 0
  EventActivators: []
  WalkPath: []
  ReturnParameters: []
  Signals: []
