- Type: 1
  Flag: 0
  Id: 298
  Teleport:
    Place: 0
    Door: 0
    World: 0
    Unknown: 0
  Unk20: 0
  Unk24: 0
  Entities:
  - ObjectId: 2074
    PositionX: 187.66949462890625
    PositionY: -41.275928497314453
    PositionZ: -1949.2030029296875
    RotationX: 0
    RotationY: -2.3538942337036133
    RotationZ: 0
    SpawnType: 0
    SpawnArgument: 0
    Serial: 35
    Argument1: 0
    Argument2: 0
    ReactionCommand: 0
    SpawnDelay: 0
    Command: 0
    SpawnRange: 0
    Level: 0
    Medal: 0
  EventActivators: []
  WalkPath: []
  ReturnParameters: []
  Signals: []
