- Type: 2
  Flag: 0
  Id: 517
  Teleport:
    Place: 0
    Door: 0
    World: 0
    Unknown: 0
  Unk20: 0
  Unk24: 0
  Entities:
  - ObjectId: 318
    PositionX: -129.76109313964844
    PositionY: -400
    PositionZ: -995.90899658203125
    RotationX: 0
    RotationY: 0
    RotationZ: 0
    SpawnType: 2
    SpawnArgument: 0
    Serial: 200
    Argument1: 0
    Argument2: 0
    ReactionCommand: 0
    SpawnDelay: 0
    Command: 0
    SpawnRange: 0
    Level: 0
    Medal: 0
  - ObjectId: 318
    PositionX: 70.238899230957031
    PositionY: -400
    PositionZ: -995.90899658203125
    RotationX: 0
    RotationY: 0
    RotationZ: 0
    SpawnType: 2
    SpawnArgument: 0
    Serial: 201
    Argument1: 0
    Argument2: 0
    ReactionCommand: 0
    SpawnDelay: 0
    Command: 0
    SpawnRange: 0
    Level: 0
    Medal: 0
  EventActivators:
  - Shape: 1
    Option: 0
    PositionX: -30
    PositionY: -250
    PositionZ: -1000
    ScaleX: 325
    ScaleY: 300
    ScaleZ: 325
    RotationX: 0
    RotationY: 0
    RotationZ: 0
    Flags: 0
    Type: 0
    OnBgGroup: 0
    OffBgGroup: 0
  WalkPath: []
  ReturnParameters: []
  Signals: []
- Type: 2
  Flag: 0
  Id: 519
  Teleport:
    Place: 0
    Door: 0
    World: 0
    Unknown: 0
  Unk20: 0
  Unk24: 0
  Entities:
  - ObjectId: 314
    PositionX: 304.33099365234375
    PositionY: -250
    PositionZ: 887.37457275390625
    RotationX: 0
    RotationY: 0.50840497016906738
    RotationZ: 0
    SpawnType: 2
    SpawnArgument: 0
    Serial: 202
    Argument1: 0
    Argument2: 0
    ReactionCommand: 0
    SpawnDelay: 0
    Command: 0
    SpawnRange: 0
    Level: 0
    Medal: 0
  - ObjectId: 314
    PositionX: 60.938701629638672
    PositionY: -250
    PositionZ: 1324.135986328125
    RotationX: 0
    RotationY: 0.50840497016906738
    RotationZ: 0
    SpawnType: 2
    SpawnArgument: 0
    Serial: 203
    Argument1: 0
    Argument2: 0
    ReactionCommand: 0
    SpawnDelay: 0
    Command: 0
    SpawnRange: 0
    Level: 0
    Medal: 0
  - ObjectId: 318
    PositionX: 182.63479614257812
    PositionY: -1.0422309637069702
    PositionZ: 1105.7550048828125
    RotationX: 0
    RotationY: 0.50840497016906738
    RotationZ: 0
    SpawnType: 2
    SpawnArgument: 0
    Serial: 204
    Argument1: 0
    Argument2: 0
    ReactionCommand: 0
    SpawnDelay: 0
    Command: 0
    SpawnRange: 0
    Level: 0
    Medal: 0
  EventActivators:
  - Shape: 1
    Option: 0
    PositionX: 198.902099609375
    PositionY: -250
    PositionZ: 1120.2779541015625
    ScaleX: 473.10818481445312
    ScaleY: 300
    ScaleZ: 462.76181030273438
    RotationX: 0
    RotationY: 0
    RotationZ: 0
    Flags: 0
    Type: 0
    OnBgGroup: 0
    OffBgGroup: 0
  WalkPath: []
  ReturnParameters: []
  Signals: []
