- Type: 1
  Flag: 0
  Id: 14
  Teleport:
    Place: 0
    Door: 0
    World: 0
    Unknown: 0
  Unk20: 0
  Unk24: 0
  Entities:
  - ObjectId: 566
    PositionX: 35.356769561767578
    PositionY: -0.00015564190107397735
    PositionZ: 115.25119781494141
    RotationX: 0
    RotationY: 0
    RotationZ: 0
    SpawnType: 1
    SpawnArgument: 50
    Serial: 22
    Argument1: 0
    Argument2: 0
    ReactionCommand: 0
    SpawnDelay: 0
    Command: 0
    SpawnRange: 0
    Level: 0
    Medal: 0
  - ObjectId: 567
    PositionX: 135.35679626464844
    PositionY: -0.0001302106975344941
    PositionZ: 215.25120544433594
    RotationX: 0
    RotationY: 0
    RotationZ: 0
    SpawnType: 1
    SpawnArgument: 50
    Serial: 23
    Argument1: 0
    Argument2: 0
    ReactionCommand: 0
    SpawnDelay: 0
    Command: 0
    SpawnRange: 0
    Level: 0
    Medal: 0
  - ObjectId: 568
    PositionX: -64.643241882324219
    PositionY: -0.0001302106975344941
    PositionZ: 215.25120544433594
    RotationX: 0
    RotationY: 0
    RotationZ: 0
    SpawnType: 1
    SpawnArgument: 50
    Serial: 24
    Argument1: 0
    Argument2: 0
    ReactionCommand: 0
    SpawnDelay: 0
    Command: 0
    SpawnRange: 0
    Level: 0
    Medal: 0
  EventActivators: []
  WalkPath: []
  ReturnParameters: []
  Signals: []
