- Type: 1
  Flag: 0
  Id: 91
  Teleport:
    Place: 0
    Door: 0
    World: 0
    Unknown: 0
  Unk20: 0
  Unk24: 0
  Entities:
  - ObjectId: 817
    PositionX: 71.457313537597656
    PositionY: -8.5532352386508137E-05
    PositionZ: -18.083370208740234
    RotationX: 0
    RotationY: 0
    RotationZ: 0
    SpawnType: 0
    SpawnArgument: 0
    Serial: 32
    Argument1: 0
    Argument2: 0
    ReactionCommand: 170
    SpawnDelay: 0
    Command: 31
    SpawnRange: 0
    Level: 0
    Medal: 0
  EventActivators: []
  WalkPath:
  - Serial: 31
    Flag: 1
    Id: 0
    Positions:
    - X: 5.7620258331298828
      Y: 1.5221559806377627E-05
      Z: -25.881719589233398
    - X: -0.85951197147369385
      Y: -9.9999847412109375
      Z: -28.503372192382812
    - X: 28.727636337280273
      Y: -10.00007438659668
      Z: -25.905817031860352
    - X: -67.724601745605469
      Y: -12.499944686889648
      Z: -223.87312316894531
    - X: -360.09048461914062
      Y: -12.03547477722168
      Z: -250.75381469726562
    - X: -351.5889892578125
      Y: -11.092994689941406
      Z: -521.28314208984375
    - X: 331.21771240234375
      Y: -10.000114440917969
      Z: -432.47171020507812
    - X: 290.44284057617188
      Y: -10.000004768371582
      Z: 468.77816772460938
    - X: 22.988836288452148
      Y: -10.000014305114746
      Z: 496.43038940429688
    - X: -51.175605773925781
      Y: -10.000114440917969
      Z: 343.53677368164062
    - X: -49.201683044433594
      Y: -10.000114440917969
      Z: 213.47457885742188
  ReturnParameters: []
  Signals: []
