- Type: 6
  Flag: 0
  Id: 224
  Teleport:
    Place: 0
    Door: 0
    World: 0
    Unknown: 0
  Unk20: 0
  Unk24: 0
  Entities:
  - ObjectId: 1027
    PositionX: 313.239013671875
    PositionY: 1.2150459951953962E-05
    PositionZ: -283.72640991210938
    RotationX: 0
    RotationY: -1.5707963705062866
    RotationZ: 0
    SpawnType: 0
    SpawnArgument: 0
    Serial: 45
    Argument1: 0
    Argument2: 0
    ReactionCommand: 182
    SpawnDelay: 0
    Command: 31
    SpawnRange: 0
    Level: 0
    Medal: 0
  EventActivators:
  - Shape: 0
    Option: 1
    PositionX: 276.05120849609375
    PositionY: -100.00030517578125
    PositionZ: -48.639850616455078
    ScaleX: 49.341033935546875
    ScaleY: 100
    ScaleZ: 27.965400695800781
    RotationX: 0
    RotationY: -0.56033796072006226
    RotationZ: 0
    Flags: 0
    Type: 0
    OnBgGroup: 0
    OffBgGroup: 0
  - Shape: 0
    Option: 2
    PositionX: 118.41059875488281
    PositionY: -100.00032043457031
    PositionZ: -192.20320129394531
    ScaleX: 72.011001586914062
    ScaleY: 100
    ScaleZ: 32.537399291992188
    RotationX: 0
    RotationY: -1.9751297235488892
    RotationZ: 0
    Flags: 0
    Type: 0
    OnBgGroup: 0
    OffBgGroup: 0
  - Shape: 0
    Option: 1
    PositionX: 237.279296875
    PositionY: -100.00030517578125
    PositionZ: -517.618896484375
    ScaleX: 33.143196105957031
    ScaleY: 100
    ScaleZ: 27.965400695800781
    RotationX: 0
    RotationY: 0.62185764312744141
    RotationZ: 0
    Flags: 0
    Type: 0
    OnBgGroup: 0
    OffBgGroup: 0
  - Shape: 0
    Option: 2
    PositionX: 307.65359497070312
    PositionY: -100.00032043457031
    PositionZ: -353.71231079101562
    ScaleX: 72.011001586914062
    ScaleY: 100
    ScaleZ: 32.537399291992188
    RotationX: 0
    RotationY: -1.7714219093322754
    RotationZ: 0
    Flags: 0
    Type: 0
    OnBgGroup: 0
    OffBgGroup: 0
  WalkPath:
  - Serial: 70
    Flag: 1
    Id: 0
    Positions:
    - X: 235.31939697265625
      Y: -1.1640039474514197E-06
      Z: -30.177730560302734
    - X: 112.41699981689453
      Y: -10.000000953674316
      Z: -202.66603088378906
    - X: 54.942600250244141
      Y: -10.000020980834961
      Z: -375.5504150390625
    - X: 174.47979736328125
      Y: -10.000020980834961
      Z: -509.64874267578125
    - X: 264.74200439453125
      Y: -10.000000953674316
      Z: -494.94992065429688
    - X: 335.99481201171875
      Y: -10.000011444091797
      Z: -163.01333618164062
  ReturnParameters:
  - Id: 0
    Type: 8
    Rate: 0
    EntryType: 1
    Argument04: 817
    Argument08: 0
    Argument0c: 0
  - Id: 1
    Type: 0
    Rate: 40
    EntryType: 1
    Argument04: 817
    Argument08: 0
    Argument0c: 0
  - Id: 1
    Type: 3
    Rate: 60
    EntryType: 0
    Argument04: 0
    Argument08: 0
    Argument0c: 0
  - Id: 1
    Type: 0
    Rate: 40
    EntryType: 2
    Argument04: 0
    Argument08: 0
    Argument0c: 0
  - Id: 1
    Type: 0
    Rate: 10
    EntryType: 0
    Argument04: 0
    Argument08: 0
    Argument0c: 0
  - Id: 2
    Type: 0
    Rate: 20
    EntryType: 0
    Argument04: 0
    Argument08: 0
    Argument0c: 0
  - Id: 2
    Type: 3
    Rate: 60
    EntryType: 0
    Argument04: 0
    Argument08: 0
    Argument0c: 0
  - Id: 2
    Type: 0
    Rate: 20
    EntryType: 1
    Argument04: 817
    Argument08: 0
    Argument0c: 0
  Signals: []
