- Type: 6
  Flag: 0
  Id: 410
  Teleport:
    Place: 0
    Door: 0
    World: 0
    Unknown: 0
  Unk20: 0
  Unk24: 0
  Entities:
  - ObjectId: 1174
    PositionX: -314.9652099609375
    PositionY: -0.38770610094070435
    PositionZ: -125.09100341796875
    RotationX: 0
    RotationY: 1.5898429155349731
    RotationZ: 0
    SpawnType: 0
    SpawnArgument: 0
    Serial: 88
    Argument1: 0
    Argument2: 2
    ReactionCommand: 257
    SpawnDelay: 0
    Command: 31
    SpawnRange: 0
    Level: 0
    Medal: 0
  EventActivators:
  - Shape: 0
    Option: 1
    PositionX: -310.49371337890625
    PositionY: -100.38796997070312
    PositionZ: -243.47059631347656
    ScaleX: 80.667701721191406
    ScaleY: 100
    ScaleZ: 36.418949127197266
    RotationX: 0
    RotationY: 1.1111601591110229
    RotationZ: 0
    Flags: 0
    Type: 0
    OnBgGroup: 0
    OffBgGroup: 0
  - Shape: 0
    Option: 2
    PositionX: -119.52770233154297
    PositionY: -100.00025939941406
    PositionZ: 115.63200378417969
    ScaleX: 88.258499145507812
    ScaleY: 100
    ScaleZ: 39.658550262451172
    RotationX: 0
    RotationY: -0.70541477203369141
    RotationZ: 0
    Flags: 0
    Type: 0
    OnBgGroup: 0
    OffBgGroup: 0
  WalkPath:
  - Serial: 115
    Flag: 1
    Id: 0
    Positions:
    - X: -175.83009338378906
      Y: 8.6404897956526838E-06
      Z: 163.71670532226562
    - X: -253.12179565429688
      Y: -9.9999847412109375
      Z: 139.7296142578125
    - X: -211.36651611328125
      Y: -9.9999895095825195
      Z: 25.124599456787109
    - X: -324.99349975585938
      Y: -9.9999914169311523
      Z: -81.339401245117188
    - X: -282.8240966796875
      Y: -9.9999732971191406
      Z: -202.09689331054688
    - X: -334.577392578125
      Y: -10.38767147064209
      Z: -311.35369873046875
    - X: -285.1046142578125
      Y: -10.38767147064209
      Z: -321.35549926757812
    - X: -235.35360717773438
      Y: -10.387691497802734
      Z: -227.18400573730469
    - X: -194.48672485351562
      Y: -10.387691497802734
      Z: -80.596199035644531
    - X: -55.894699096679688
      Y: -9.9999914169311523
      Z: 35.785598754882812
  ReturnParameters:
  - Id: 1
    Type: 4
    Rate: 20
    EntryType: 2
    Argument04: 0
    Argument08: 0
    Argument0c: 0
  - Id: 1
    Type: 0
    Rate: 10
    EntryType: 0
    Argument04: 0
    Argument08: 0
    Argument0c: 0
  - Id: 1
    Type: 3
    Rate: 30
    EntryType: 0
    Argument04: 0
    Argument08: 0
    Argument0c: 0
  - Id: 2
    Type: 4
    Rate: 20
    EntryType: 2
    Argument04: 0
    Argument08: 0
    Argument0c: 0
  - Id: 2
    Type: 0
    Rate: 10
    EntryType: 0
    Argument04: 0
    Argument08: 0
    Argument0c: 0
  - Id: 2
    Type: 3
    Rate: 30
    EntryType: 0
    Argument04: 0
    Argument08: 0
    Argument0c: 0
  Signals: []
