- Type: 6
  Flag: 0
  Id: 778
  Teleport:
    Place: 0
    Door: 0
    World: 0
    Unknown: 0
  Unk20: 0
  Unk24: 0
  Entities:
  - ObjectId: 1181
    PositionX: -118.57679748535156
    PositionY: 1.4718830243509728E-05
    PositionZ: 190.05599975585938
    RotationX: 0
    RotationY: 0
    RotationZ: 0
    SpawnType: 0
    SpawnArgument: 0
    Serial: 119
    Argument1: 0
    Argument2: 0
    ReactionCommand: 840
    SpawnDelay: 0
    Command: 31
    SpawnRange: 0
    Level: 0
    Medal: 0
  EventActivators:
  - Shape: 0
    Option: 0
    PositionX: 242.08549499511719
    PositionY: -100
    PositionZ: 84.454277038574219
    ScaleX: 89.343048095703125
    ScaleY: 100
    ScaleZ: 48.688545227050781
    RotationX: 0
    RotationY: -0.11794473975896835
    RotationZ: 0
    Flags: 0
    Type: 0
    OnBgGroup: 0
    OffBgGroup: 0
  - Shape: 0
    Option: 1
    PositionX: -67.413131713867188
    PositionY: -100
    PositionZ: 144.78030395507812
    ScaleX: 89.343002319335938
    ScaleY: 100
    ScaleZ: 48.688549041748047
    RotationX: 0
    RotationY: 0.31322395801544189
    RotationZ: 0
    Flags: 0
    Type: 0
    OnBgGroup: 0
    OffBgGroup: 0
  WalkPath:
  - Serial: 130
    Flag: 1
    Id: 0
    Positions:
    - X: 159.63059997558594
      Y: 1.7093179849325679E-05
      Z: 241.66099548339844
    - X: 80.94451904296875
      Y: -10.00001335144043
      Z: 176.08924865722656
    - X: -26.593099594116211
      Y: -9.9999828338623047
      Z: 178.71211242675781
    - X: -76.427696228027344
      Y: -9.9999828338623047
      Z: 21.339899063110352
    - X: -162.9822998046875
      Y: -9.9999933242797852
      Z: 92.157402038574219
    - X: 28.487100601196289
      Y: -9.9999828338623047
      Z: 165.5977783203125
    - X: 164.87635803222656
      Y: -9.9999933242797852
      Z: 92.157402038574219
    - X: 343.23150634765625
      Y: -9.9999933242797852
      Z: 89.534599304199219
    - X: 356.34579467773438
      Y: -9.9999828338623047
      Z: 160.35203552246094
    - X: 272.41400146484375
      Y: -9.9999828338623047
      Z: 165.5977783203125
  ReturnParameters:
  - Id: 0
    Type: 0
    Rate: 0
    EntryType: 0
    Argument04: 0
    Argument08: 0
    Argument0c: 0
  - Id: 0
    Type: 0
    Rate: 0
    EntryType: 0
    Argument04: 0
    Argument08: 0
    Argument0c: 0
  - Id: 0
    Type: 0
    Rate: 0
    EntryType: 0
    Argument04: 0
    Argument08: 0
    Argument0c: 0
  - Id: 1
    Type: 0
    Rate: 20
    EntryType: 2
    Argument04: 0
    Argument08: 0
    Argument0c: 0
  - Id: 1
    Type: 0
    Rate: 10
    EntryType: 0
    Argument04: 0
    Argument08: 0
    Argument0c: 0
  - Id: 1
    Type: 3
    Rate: 30
    EntryType: 0
    Argument04: 0
    Argument08: 0
    Argument0c: 0
  Signals: []
