- Type: 6
  Flag: 0
  Id: 650
  Teleport:
    Place: 0
    Door: 0
    World: 0
    Unknown: 0
  Unk20: 0
  Unk24: 0
  Entities:
  - ObjectId: 1182
    PositionX: -131.78999328613281
    PositionY: 1.1831360097858123E-05
    PositionZ: -239.84710693359375
    RotationX: 0
    RotationY: -0.94337821006774902
    RotationZ: 0
    SpawnType: 0
    SpawnArgument: 0
    Serial: 108
    Argument1: 0
    Argument2: 0
    ReactionCommand: 674
    SpawnDelay: 0
    Command: 31
    SpawnRange: 0
    Level: 0
    Medal: 0
  EventActivators:
  - Shape: 0
    Option: 0
    PositionX: -36.548019409179688
    PositionY: -100.3876953125
    PositionZ: -322.72439575195312
    ScaleX: 41.435371398925781
    ScaleY: 100
    ScaleZ: 20.404729843139648
    RotationX: 0
    RotationY: -1.8908845186233521
    RotationZ: 0
    Flags: 0
    Type: 0
    OnBgGroup: 0
    OffBgGroup: 0
  - Shape: 0
    Option: 1
    PositionX: -118.49120330810547
    PositionY: -100.3876953125
    PositionZ: -269.18820190429688
    ScaleX: 41.435348510742188
    ScaleY: 100
    ScaleZ: 20.404750823974609
    RotationX: 0
    RotationY: -1.6681003570556641
    RotationZ: 0
    Flags: 0
    Type: 0
    OnBgGroup: 0
    OffBgGroup: 0
  WalkPath:
  - Serial: 112
    Flag: 1
    Id: 0
    Positions:
    - X: -237.85780334472656
      Y: 3.4980519103555707E-06
      Z: -163.16189575195312
    - X: -237.85780334472656
      Y: -10.387696266174316
      Z: -238.16990661621094
    - X: -129.51289367675781
      Y: -9.9999675750732422
      Z: -188.16456604003906
    - X: -161.18295288085938
      Y: -10.387666702270508
      Z: -281.5078125
    - X: -71.17340087890625
      Y: -10.387696266174316
      Z: -238.16990661621094
    - X: -84.508102416992188
      Y: -10.387666702270508
      Z: -336.51370239257812
    - X: 22.169900894165039
      Y: -10.387696266174316
      Z: -289.84210205078125
    - X: -12.833800315856934
      Y: -10.43433666229248
      Z: -383.185302734375
    - X: 85.510002136230469
      Y: -10.434356689453125
      Z: -348.18161010742188
    - X: 105.51210021972656
      Y: -10.434366226196289
      Z: -418.18899536132812
    - X: 40.505199432373047
      Y: -10.43433666229248
      Z: -408.18798828125
    - X: 40.505199432373047
      Y: -10.387666702270508
      Z: -314.84469604492188
    - X: -47.837600708007812
      Y: -10.387666702270508
      Z: -358.18270874023438
    - X: -27.835399627685547
      Y: -10.387696266174316
      Z: -276.50729370117188
    - X: -117.84500122070312
      Y: -10.387666702270508
      Z: -313.17788696289062
    - X: -116.17819976806641
      Y: -10.387696266174316
      Z: -216.50091552734375
    - X: -182.85194396972656
      Y: -10.387696266174316
      Z: -248.17094421386719
    - X: -194.51985168457031
      Y: -9.9999961853027344
      Z: -163.16189575195312
  ReturnParameters:
  - Id: 1
    Type: 0
    Rate: 20
    EntryType: 2
    Argument04: 0
    Argument08: 0
    Argument0c: 0
  - Id: 1
    Type: 0
    Rate: 20
    EntryType: 3
    Argument04: -1010592249
    Argument08: -1094286988
    Argument0c: -1006174958
  - Id: 1
    Type: 3
    Rate: 30
    EntryType: 0
    Argument04: 0
    Argument08: 0
    Argument0c: 0
  Signals: []
