- Type: 6
  Flag: 0
  Id: 810
  Teleport:
    Place: 0
    Door: 0
    World: 0
    Unknown: 0
  Unk20: 0
  Unk24: 0
  Entities:
  - ObjectId: 1182
    PositionX: -109.7052001953125
    PositionY: 1.8998629457200877E-05
    PositionZ: -104.07859802246094
    RotationX: 0
    RotationY: -0.68231660127639771
    RotationZ: 0
    SpawnType: 0
    SpawnArgument: 0
    Serial: 120
    Argument1: 0
    Argument2: 0
    ReactionCommand: 841
    SpawnDelay: 0
    Command: 31
    SpawnRange: 0
    Level: 0
    Medal: 0
  EventActivators:
  - Shape: 0
    Option: 0
    PositionX: -183.57440185546875
    PositionY: -100
    PositionZ: 26.790870666503906
    ScaleX: 90.813453674316406
    ScaleY: 100
    ScaleZ: 43.72100830078125
    RotationX: 0
    RotationY: -2.0353314876556396
    RotationZ: 0
    Flags: 0
    Type: 0
    OnBgGroup: 0
    OffBgGroup: 0
  - Shape: 0
    Option: 0
    PositionX: 162.60769653320312
    PositionY: -100
    PositionZ: 279.23410034179688
    ScaleX: 71.662002563476562
    ScaleY: 100
    ScaleZ: 43.72100830078125
    RotationX: 0
    RotationY: -1.1539199352264404
    RotationZ: 0
    Flags: 0
    Type: 0
    OnBgGroup: 0
    OffBgGroup: 0
  - Shape: 0
    Option: 1
    PositionX: 11.91193962097168
    PositionY: -100
    PositionZ: 187.14219665527344
    ScaleX: 71.662002563476562
    ScaleY: 100
    ScaleZ: 43.721000671386719
    RotationX: 0
    RotationY: -1.1539199352264404
    RotationZ: 0
    Flags: 0
    Type: 0
    OnBgGroup: 0
    OffBgGroup: 0
  WalkPath:
  - Serial: 131
    Flag: 1
    Id: 0
    Positions:
    - X: 166.30839538574219
      Y: 2.5634619305492379E-05
      Z: 201.83250427246094
    - X: 122.04473114013672
      Y: -9.9999942779541016
      Z: 325.77081298828125
    - X: -28.451799392700195
      Y: -10.000004768371582
      Z: 260.85073852539062
    - X: 51.222900390625
      Y: -9.999974250793457
      Z: 110.354248046875
    - X: -71.237701416015625
      Y: -9.9999847412109375
      Z: 67.126197814941406
    - X: -59.393901824951172
      Y: -9.9999847412109375
      Z: -14.703499794006348
    - X: -57.960899353027344
      Y: -9.9999847412109375
      Z: -90.307701110839844
    - X: -213.65550231933594
      Y: -9.999974250793457
      Z: -64.42120361328125
    - X: -169.15750122070312
      Y: -9.999974250793457
      Z: 62.715999603271484
    - X: -158.29190063476562
      Y: -9.999974250793457
      Z: 163.47065734863281
  ReturnParameters:
  - Id: 0
    Type: 0
    Rate: 0
    EntryType: 0
    Argument04: 0
    Argument08: 0
    Argument0c: 0
  - Id: 0
    Type: 0
    Rate: 0
    EntryType: 0
    Argument04: 0
    Argument08: 0
    Argument0c: 0
  - Id: 0
    Type: 0
    Rate: 0
    EntryType: 0
    Argument04: 0
    Argument08: 0
    Argument0c: 0
  - Id: 1
    Type: 0
    Rate: 30
    EntryType: 0
    Argument04: 0
    Argument08: 0
    Argument0c: 0
  - Id: 1
    Type: 3
    Rate: 30
    EntryType: 0
    Argument04: 0
    Argument08: 0
    Argument0c: 0
  Signals: []
