- Type: 6
  Flag: 0
  Id: 1071
  Teleport:
    Place: 0
    Door: 0
    World: 0
    Unknown: 0
  Unk20: 0
  Unk24: 0
  Entities:
  - ObjectId: 1182
    PositionX: -59.97100830078125
    PositionY: 1.0577869943517726E-05
    PositionZ: -158.76150512695312
    RotationX: 0
    RotationY: 2.3831825256347656
    RotationZ: 0
    SpawnType: 0
    SpawnArgument: 0
    Serial: 125
    Argument1: 0
    Argument2: 0
    ReactionCommand: 1365
    SpawnDelay: 0
    Command: 31
    SpawnRange: 0
    Level: 0
    Medal: 0
  EventActivators:
  - Shape: 0
    Option: 0
    PositionX: -215.76800537109375
    PositionY: -100
    PositionZ: -145.63589477539062
    ScaleX: 123.5802001953125
    ScaleY: 100
    ScaleZ: 53.161300659179688
    RotationX: 0
    RotationY: -1.3234822750091553
    RotationZ: 0
    Flags: 0
    Type: 0
    OnBgGroup: 0
    OffBgGroup: 0
  - Shape: 0
    Option: 1
    PositionX: 217.18330383300781
    PositionY: -100
    PositionZ: 172.4508056640625
    ScaleX: 123.58000183105469
    ScaleY: 100
    ScaleZ: 53.1614990234375
    RotationX: 0
    RotationY: -0.15785408020019531
    RotationZ: 0
    Flags: 0
    Type: 0
    OnBgGroup: 0
    OffBgGroup: 0
  WalkPath:
  - Serial: 132
    Flag: 1
    Id: 0
    Positions:
    - X: -74.815872192382812
      Y: -0.38773858547210693
      Z: -250.193603515625
    - X: -61.047988891601562
      Y: -10.000026702880859
      Z: -149.70759582519531
    - X: -163.44740295410156
      Y: -10.000011444091797
      Z: -32.351100921630859
    - X: -152.79240417480469
      Y: -10.000031471252441
      Z: 96.989303588867188
    - X: 12.688309669494629
      Y: -10.000014305114746
      Z: 116.09819793701172
    - X: 137.65322875976562
      Y: -10.000033378601074
      Z: 290.62310791015625
    - X: 331.09793090820312
      Y: -10.000046730041504
      Z: 281.48388671875
    - X: 336.49172973632812
      Y: -10.000034332275391
      Z: 149.15130615234375
    - X: 33.264430999755859
      Y: -10.000017166137695
      Z: 197.26060485839844
    - X: -58.365318298339844
      Y: -10.000026702880859
      Z: 62.100898742675781
    - X: -224.21707153320312
      Y: -10.00001049041748
      Z: 54.260501861572266
    - X: -211.6961669921875
      Y: -10.000019073486328
      Z: -147.9739990234375
    - X: -155.46017456054688
      Y: -10.387714385986328
      Z: -262.464111328125
  ReturnParameters:
  - Id: 0
    Type: 0
    Rate: 0
    EntryType: 0
    Argument04: 0
    Argument08: 0
    Argument0c: 0
  - Id: 0
    Type: 0
    Rate: 0
    EntryType: 0
    Argument04: 0
    Argument08: 0
    Argument0c: 0
  - Id: 0
    Type: 0
    Rate: 0
    EntryType: 0
    Argument04: 0
    Argument08: 0
    Argument0c: 0
  - Id: 1
    Type: 0
    Rate: 30
    EntryType: 0
    Argument04: 0
    Argument08: 0
    Argument0c: 0
  - Id: 1
    Type: 3
    Rate: 30
    EntryType: 0
    Argument04: 0
    Argument08: 0
    Argument0c: 0
  Signals: []
