- Type: 1
  Flag: 0
  Id: 45
  Teleport:
    Place: 0
    Door: 0
    World: 0
    Unknown: 0
  Unk20: 0
  Unk24: 0
  Entities:
  - ObjectId: 566
    PositionX: -692.4810791015625
    PositionY: -0.00011050709872506559
    PositionZ: -354.877197265625
    RotationX: 0
    RotationY: 2.5668609142303467
    RotationZ: 0
    SpawnType: 1
    SpawnArgument: 50
    Serial: 8
    Argument1: 0
    Argument2: 0
    ReactionCommand: 0
    SpawnDelay: 0
    Command: 0
    SpawnRange: 0
    Level: 0
    Medal: 0
  - ObjectId: 566
    PositionX: 282.6925048828125
    PositionY: -2.3029210567474365
    PositionZ: 13.331540107727051
    RotationX: 0
    RotationY: -1.1252626180648804
    RotationZ: 0
    SpawnType: 1
    SpawnArgument: 51
    Serial: 9
    Argument1: 0
    Argument2: 0
    ReactionCommand: 0
    SpawnDelay: 0
    Command: 0
    SpawnRange: 0
    Level: 0
    Medal: 0
  EventActivators: []
  WalkPath: []
  ReturnParameters: []
  Signals: []
