- Type: 6
  Flag: 0
  Id: 821
  Teleport:
    Place: 0
    Door: 0
    World: 0
    Unknown: 0
  Unk20: 0
  Unk24: 0
  Entities:
  - ObjectId: 1172
    PositionX: -392.35528564453125
    PositionY: 9.4444558271788992E-06
    PositionZ: -82.900360107421875
    RotationX: 0
    RotationY: 1.3409279584884644
    RotationZ: 0
    SpawnType: 0
    SpawnArgument: 0
    Serial: 63
    Argument1: 0
    Argument2: 0
    ReactionCommand: 1412
    SpawnDelay: 0
    Command: 31
    SpawnRange: 0
    Level: 0
    Medal: 0
  EventActivators:
  - Shape: 0
    Option: 1
    PositionX: -338.60699462890625
    PositionY: -99.999992370605469
    PositionZ: -118.77999877929688
    ScaleX: 150.47050476074219
    ScaleY: 100
    ScaleZ: 39.968448638916016
    RotationX: 0
    RotationY: 2.8256549835205078
    RotationZ: 0
    Flags: 0
    Type: 0
    OnBgGroup: 0
    OffBgGroup: 0
  - Shape: 0
    Option: 0
    PositionX: -226.17239379882812
    PositionY: -100.00001525878906
    PositionZ: -334.1842041015625
    ScaleX: 82.318550109863281
    ScaleY: 100
    ScaleZ: 39.968433380126953
    RotationX: 0
    RotationY: 2.184661865234375
    RotationZ: 0
    Flags: 0
    Type: 0
    OnBgGroup: 0
    OffBgGroup: 0
  WalkPath:
  - Serial: 93
    Flag: 1
    Id: 0
    Positions:
    - X: -466.79019165039062
      Y: -0.49991729855537415
      Z: -86.32916259765625
    - X: -491.00045776367188
      Y: -0.49992087483406067
      Z: -168.03887939453125
    - X: -381.57119750976562
      Y: 1.3599999874713831E-05
      Z: -176.32514953613281
    - X: -299.72079467773438
      Y: 1.5800000255694613E-05
      Z: -226.69865417480469
    - X: -326.087890625
      Y: 2.0699999367934652E-05
      Z: -338.77655029296875
    - X: -420.87942504882812
      Y: -1.9099999917671084E-05
      Z: -304.92245483398438
    - X: -409.27230834960938
      Y: -0.50000119209289551
      Z: -239.60035705566406
    - X: -271.92129516601562
      Y: -1.7500000467407517E-05
      Z: -268.16656494140625
    - X: -139.01069641113281
      Y: 4.3000000005122274E-06
      Z: -451.93844604492188
    - X: -42.202400207519531
      Y: 2.0699999367934652E-05
      Z: -404.9173583984375
    - X: -203.65620422363281
      Y: -1.3199999557400588E-05
      Z: -168.82606506347656
  ReturnParameters:
  - Id: 0
    Type: 2
    Rate: 0
    EntryType: 1
    Argument04: 1285
    Argument08: 0
    Argument0c: 0
  - Id: 0
    Type: 0
    Rate: 0
    EntryType: 0
    Argument04: 0
    Argument08: 0
    Argument0c: 0
  - Id: 0
    Type: 0
    Rate: 0
    EntryType: 0
    Argument04: 0
    Argument08: 0
    Argument0c: 0
  - Id: 1
    Type: 0
    Rate: 40
    EntryType: 0
    Argument04: 0
    Argument08: 0
    Argument0c: 0
  - Id: 1
    Type: 3
    Rate: 40
    EntryType: 0
    Argument04: 0
    Argument08: 0
    Argument0c: 0
  Signals: []
