- Type: 6
  Flag: 0
  Id: 336
  Teleport:
    Place: 0
    Door: 0
    World: 0
    Unknown: 0
  Unk20: 0
  Unk24: 0
  Entities:
  - ObjectId: 1172
    PositionX: 93.547401428222656
    PositionY: 9.4444558271788992E-06
    PositionZ: -528.53472900390625
    RotationX: 0
    RotationY: 1.3409279584884644
    RotationZ: 0
    SpawnType: 0
    SpawnArgument: 0
    Serial: 36
    Argument1: 0
    Argument2: 0
    ReactionCommand: 625
    SpawnDelay: 0
    Command: 31
    SpawnRange: 0
    Level: 0
    Medal: 0
  EventActivators:
  - Shape: 0
    Option: 1
    PositionX: -106.46080017089844
    PositionY: -99.999900817871094
    PositionZ: -428.1669921875
    ScaleX: 85.779548645019531
    ScaleY: 99.999900817871094
    ScaleZ: 43.416313171386719
    RotationX: 0
    RotationY: -1.1213915348052979
    RotationZ: 0
    Flags: 0
    Type: 0
    OnBgGroup: 0
    OffBgGroup: 0
  - Shape: 0
    Option: 1
    PositionX: 69.544746398925781
    PositionY: -100.00001525878906
    PositionZ: -676.53387451171875
    ScaleX: 82.318496704101562
    ScaleY: 100
    ScaleZ: 39.968448638916016
    RotationX: 0
    RotationY: 2.6014010906219482
    RotationZ: 0
    Flags: 0
    Type: 0
    OnBgGroup: 0
    OffBgGroup: 0
  WalkPath:
  - Serial: 104
    Flag: 1
    Id: 0
    Positions:
    - X: -75.468467712402344
      Y: -0.49992090463638306
      Z: -590.7703857421875
    - X: -80.214767456054688
      Y: -0.49992123246192932
      Z: -783.469970703125
    - X: 33.696331024169922
      Y: 1.5899999198154546E-05
      Z: -793.91192626953125
    - X: -21.690389633178711
      Y: 1.340000017080456E-05
      Z: -615.16412353515625
    - X: -131.73799133300781
      Y: 1.990000055229757E-05
      Z: -357.29278564453125
    - X: -75.52874755859375
      Y: -1.7799999113776721E-05
      Z: -325.52239990234375
    - X: -5.8781499862670898
      Y: -0.49999827146530151
      Z: -402.50460815429688
    - X: -55.893199920654297
      Y: -1.7500000467407517E-05
      Z: -583.3084716796875
    - X: 141.6102294921875
      Y: 4.3000000005122274E-06
      Z: -713.9927978515625
    - X: 215.29302978515625
      Y: 1.9600000086938962E-05
      Z: -703.1019287109375
    - X: 179.85673522949219
      Y: -9.999995231628418
      Z: -605.3466796875
    - X: 12.371910095214844
      Y: -1.3199999557400588E-05
      Z: -483.96798706054688
  ReturnParameters:
  - Id: 0
    Type: 2
    Rate: 0
    EntryType: 1
    Argument04: 1285
    Argument08: 0
    Argument0c: 0
  - Id: 0
    Type: 2
    Rate: 0
    EntryType: 1
    Argument04: 1284
    Argument08: 0
    Argument0c: 0
  - Id: 0
    Type: 0
    Rate: 0
    EntryType: 0
    Argument04: 0
    Argument08: 0
    Argument0c: 0
  - Id: 1
    Type: 0
    Rate: 40
    EntryType: 0
    Argument04: 0
    Argument08: 0
    Argument0c: 0
  - Id: 1
    Type: 3
    Rate: 40
    EntryType: 0
    Argument04: 0
    Argument08: 0
    Argument0c: 0
  Signals: []
