- Type: 6
  Flag: 0
  Id: 608
  Teleport:
    Place: 0
    Door: 0
    World: 0
    Unknown: 0
  Unk20: 0
  Unk24: 0
  Entities:
  - ObjectId: 1172
    PositionX: 339.11380004882812
    PositionY: -5.1939641707576811E-05
    PositionZ: 431.02890014648438
    RotationX: 0
    RotationY: -1.3557417392730713
    RotationZ: 0
    SpawnType: 0
    SpawnArgument: 0
    Serial: 54
    Argument1: 0
    Argument2: 0
    ReactionCommand: 1376
    SpawnDelay: 0
    Command: 31
    SpawnRange: 0
    Level: 0
    Medal: 0
  EventActivators:
  - Shape: 0
    Option: 1
    PositionX: 308.98410034179688
    PositionY: -100
    PositionZ: 403.32501220703125
    ScaleX: 142.93949890136719
    ScaleY: 100
    ScaleZ: 41.198898315429688
    RotationX: 0
    RotationY: -1.5707963705062866
    RotationZ: 0
    Flags: 0
    Type: 0
    OnBgGroup: 0
    OffBgGroup: 0
  - Shape: 0
    Option: 1
    PositionX: 250.37759399414062
    PositionY: -100
    PositionZ: 687.4447021484375
    ScaleX: 113.68049621582031
    ScaleY: 100
    ScaleZ: 41.198898315429688
    RotationX: 0
    RotationY: -0.79037356376647949
    RotationZ: 0
    Flags: 0
    Type: 0
    OnBgGroup: 0
    OffBgGroup: 0
  WalkPath:
  - Serial: 55
    Flag: 1
    Id: 0
    Positions:
    - X: 8.9821262359619141
      Y: -1.7946069874597015E-06
      Z: 762.38348388671875
    - X: 200.31593322753906
      Y: -10.000011444091797
      Z: 731.717041015625
    - X: 326.00643920898438
      Y: -10.000011444091797
      Z: 584.97137451171875
    - X: 375.97802734375
      Y: -10.999991416931152
      Z: 426.26681518554688
    - X: 353.03323364257812
      Y: -10.000031471252441
      Z: 221.0032958984375
    - X: 299.31362915039062
      Y: -21.999971389770508
      Z: 237.00369262695312
    - X: 325.31591796875
      Y: -10.000011444091797
      Z: 428.75289916992188
    - X: 275.54672241210938
      Y: -10.000001907348633
      Z: 558.97247314453125
    - X: 157.40213012695312
      Y: -9.9999990463256836
      Z: 677.638671875
    - X: -31.977214813232422
      Y: -10.000000953674316
      Z: 708.3585205078125
  ReturnParameters:
  - Id: 1
    Type: 0
    Rate: 40
    EntryType: 0
    Argument04: 0
    Argument08: 0
    Argument0c: 0
  - Id: 1
    Type: 3
    Rate: 40
    EntryType: 0
    Argument04: 0
    Argument08: 0
    Argument0c: 0
  Signals: []
