- Type: 6
  Flag: 0
  Id: 193
  Teleport:
    Place: 0
    Door: 0
    World: 0
    Unknown: 0
  Unk20: 0
  Unk24: 0
  Entities:
  - ObjectId: 1285
    PositionX: 156.52969360351562
    PositionY: -1.3286429521031096E-06
    PositionZ: -429.9552001953125
    RotationX: 0
    RotationY: -1.1307016611099243
    RotationZ: 0
    SpawnType: 0
    SpawnArgument: 0
    Serial: 26
    Argument1: 0
    Argument2: 0
    ReactionCommand: 627
    SpawnDelay: 0
    Command: 31
    SpawnRange: 0
    Level: 0
    Medal: 0
  EventActivators:
  - Shape: 0
    Option: 0
    PositionX: 178.07060241699219
    PositionY: -100
    PositionZ: -692.0936279296875
    ScaleX: 101.39835357666016
    ScaleY: 100
    ScaleZ: 37.678478240966797
    RotationX: 0
    RotationY: -1.808621883392334
    RotationZ: 0
    Flags: 0
    Type: 0
    OnBgGroup: 0
    OffBgGroup: 0
  - Shape: 0
    Option: 1
    PositionX: -48.198139190673828
    PositionY: -100
    PositionZ: -559.81671142578125
    ScaleX: 101.39849853515625
    ScaleY: 100
    ScaleZ: 37.678501129150391
    RotationX: 0
    RotationY: -1.569855809211731
    RotationZ: 0
    Flags: 0
    Type: 0
    OnBgGroup: 0
    OffBgGroup: 0
  WalkPath:
  - Serial: 46
    Flag: 1
    Id: 0
    Positions:
    - X: 153.814697265625
      Y: -6.5824151533888653E-06
      Z: -481.73660278320312
    - X: 230.07283020019531
      Y: -10.000006675720215
      Z: -580.912353515625
    - X: 190.72706604003906
      Y: -10.000006675720215
      Z: -671.26190185546875
    - X: 157.90084838867188
      Y: -10.000016212463379
      Z: -757.41851806640625
    - X: 160.61895751953125
      Y: -10.000026702880859
      Z: -822.3988037109375
    - X: 91.76104736328125
      Y: -10.000016212463379
      Z: -810.92999267578125
    - X: 28.254100799560547
      Y: -10.000006675720215
      Z: -619.81341552734375
    - X: 55.073200225830078
      Y: -10.000006675720215
      Z: -485.12820434570312
    - X: 79.062553405761719
      Y: -9.9999961853027344
      Z: -429.59738159179688
    - X: 29.121400833129883
      Y: -10.000000953674316
      Z: -406.29196166992188
    - X: -67.969497680664062
      Y: -10.000016212463379
      Z: -466.27517700195312
    - X: -31.699800491333008
      Y: -9.9999971389770508
      Z: -580.2657470703125
    - X: -58.643001556396484
      Y: -10.000003814697266
      Z: -696.32891845703125
    - X: 62.346908569335938
      Y: -10.000004768371582
      Z: -747.16339111328125
    - X: 74.879150390625
      Y: -10.000003814697266
      Z: -649.718994140625
    - X: 71.077690124511719
      Y: -9.9999885559082031
      Z: -438.99795532226562
    - X: 133.109375
      Y: -10.000004768371582
      Z: -432.58004760742188
  ReturnParameters:
  - Id: 0
    Type: 2
    Rate: 0
    EntryType: 1
    Argument04: 1172
    Argument08: 0
    Argument0c: 0
  - Id: 0
    Type: 0
    Rate: 0
    EntryType: 0
    Argument04: 0
    Argument08: 0
    Argument0c: 0
  - Id: 0
    Type: 0
    Rate: 0
    EntryType: 0
    Argument04: 0
    Argument08: 0
    Argument0c: 0
  - Id: 1
    Type: 0
    Rate: 40
    EntryType: 0
    Argument04: 0
    Argument08: 0
    Argument0c: 0
  - Id: 1
    Type: 3
    Rate: 40
    EntryType: 0
    Argument04: 0
    Argument08: 0
    Argument0c: 0
  Signals: []
