- Type: 6
  Flag: 0
  Id: 917
  Teleport:
    Place: 0
    Door: 0
    World: 0
    Unknown: 0
  Unk20: 0
  Unk24: 0
  Entities:
  - ObjectId: 1285
    PositionX: 299.34030151367188
    PositionY: -1.3286429521031096E-06
    PositionZ: -480.95901489257812
    RotationX: 0
    RotationY: -1.1307016611099243
    RotationZ: 0
    SpawnType: 0
    SpawnArgument: 0
    Serial: 66
    Argument1: 0
    Argument2: 0
    ReactionCommand: 1413
    SpawnDelay: 0
    Command: 31
    SpawnRange: 0
    Level: 0
    Medal: 0
  EventActivators:
  - Shape: 0
    Option: 0
    PositionX: 281.535400390625
    PositionY: -100
    PositionZ: -778.0714111328125
    ScaleX: 101.39835357666016
    ScaleY: 100
    ScaleZ: 37.678478240966797
    RotationX: 0
    RotationY: -1.0844326019287109
    RotationZ: 0
    Flags: 0
    Type: 0
    OnBgGroup: 0
    OffBgGroup: 0
  - Shape: 0
    Option: 1
    PositionX: 205.49420166015625
    PositionY: -100
    PositionZ: -572.478271484375
    ScaleX: 101.39849853515625
    ScaleY: 100
    ScaleZ: 37.678501129150391
    RotationX: 0
    RotationY: -1.569855809211731
    RotationZ: 0
    Flags: 0
    Type: 0
    OnBgGroup: 0
    OffBgGroup: 0
  WalkPath:
  - Serial: 95
    Flag: 1
    Id: 0
    Positions:
    - X: 298.08261108398438
      Y: -6.5824151533888653E-06
      Z: -532.74029541015625
    - X: 261.28543090820312
      Y: -10.000005722045898
      Z: -581.6685791015625
    - X: 246.54450988769531
      Y: -10.000006675720215
      Z: -691.527587890625
    - X: 302.16876220703125
      Y: -10.000016212463379
      Z: -808.42218017578125
    - X: 304.88687133789062
      Y: -10.000026702880859
      Z: -873.40252685546875
    - X: 236.02894592285156
      Y: -10.000016212463379
      Z: -861.9337158203125
    - X: 172.52200317382812
      Y: -10.000006675720215
      Z: -670.81707763671875
    - X: 199.34109497070312
      Y: -10.000006675720215
      Z: -536.13189697265625
    - X: 223.3304443359375
      Y: -9.9999961853027344
      Z: -480.60107421875
    - X: 173.38929748535156
      Y: -10.000000953674316
      Z: -457.295654296875
    - X: 136.17550659179688
      Y: -10.000016212463379
      Z: -552.0721435546875
    - X: 174.95449829101562
      Y: -10
      Z: -645.29107666015625
    - X: 145.87139892578125
      Y: -10.000000953674316
      Z: -748.3756103515625
    - X: 206.61480712890625
      Y: -10.000004768371582
      Z: -798.1671142578125
    - X: 219.14704895019531
      Y: -10.000003814697266
      Z: -700.72271728515625
    - X: 215.34559631347656
      Y: -9.9999885559082031
      Z: -490.00164794921875
    - X: 277.37728881835938
      Y: -10.000004768371582
      Z: -483.583740234375
  ReturnParameters:
  - Id: 0
    Type: 2
    Rate: 0
    EntryType: 1
    Argument04: 1172
    Argument08: 0
    Argument0c: 0
  - Id: 0
    Type: 0
    Rate: 0
    EntryType: 0
    Argument04: 0
    Argument08: 0
    Argument0c: 0
  - Id: 0
    Type: 0
    Rate: 0
    EntryType: 0
    Argument04: 0
    Argument08: 0
    Argument0c: 0
  - Id: 1
    Type: 0
    Rate: 40
    EntryType: 0
    Argument04: 0
    Argument08: 0
    Argument0c: 0
  - Id: 1
    Type: 3
    Rate: 40
    EntryType: 0
    Argument04: 0
    Argument08: 0
    Argument0c: 0
  Signals: []
