- Type: 6
  Flag: 0
  Id: 949
  Teleport:
    Place: 0
    Door: 0
    World: 0
    Unknown: 0
  Unk20: 0
  Unk24: 0
  Entities:
  - ObjectId: 1285
    PositionX: -378.106201171875
    PositionY: -1.3286429521031096E-06
    PositionZ: 768.1082763671875
    RotationX: 0
    RotationY: -1.1307016611099243
    RotationZ: 0
    SpawnType: 0
    SpawnArgument: 0
    Serial: 67
    Argument1: 0
    Argument2: 0
    ReactionCommand: 1416
    SpawnDelay: 0
    Command: 31
    SpawnRange: 0
    Level: 0
    Medal: 0
  EventActivators:
  - Shape: 0
    Option: 0
    PositionX: -328.68838500976562
    PositionY: -100
    PositionZ: 570.085693359375
    ScaleX: 101.39835357666016
    ScaleY: 100
    ScaleZ: 37.678478240966797
    RotationX: 0
    RotationY: -1.9802401065826416
    RotationZ: 0
    Flags: 0
    Type: 0
    OnBgGroup: 0
    OffBgGroup: 0
  - Shape: 0
    Option: 1
    PositionX: -554.95721435546875
    PositionY: -100
    PositionZ: 702.36260986328125
    ScaleX: 101.39849853515625
    ScaleY: 100
    ScaleZ: 37.678501129150391
    RotationX: 0
    RotationY: -1.569855809211731
    RotationZ: 0
    Flags: 0
    Type: 0
    OnBgGroup: 0
    OffBgGroup: 0
  WalkPath:
  - Serial: 105
    Flag: 1
    Id: 0
    Positions:
    - X: -354.50799560546875
      Y: -6.5824151533888653E-06
      Z: 780.02020263671875
    - X: -278.2498779296875
      Y: -10.000006675720215
      Z: 680.84442138671875
    - X: -317.59564208984375
      Y: -10.000006675720215
      Z: 590.494873046875
    - X: -372.27627563476562
      Y: -10.000016212463379
      Z: 510.3369140625
    - X: -416.46713256835938
      Y: -10.000026702880859
      Z: 334.72900390625
    - X: -475.42129516601562
      Y: -10.000016212463379
      Z: 340.42120361328125
    - X: -480.068603515625
      Y: -10.000006675720215
      Z: 641.94342041015625
    - X: -453.24951171875
      Y: -10.000006675720215
      Z: 776.62860107421875
    - X: -429.26016235351562
      Y: -9.9999961853027344
      Z: 832.159423828125
    - X: -479.2012939453125
      Y: -10.000000953674316
      Z: 855.46484375
    - X: -576.29217529296875
      Y: -10.000016212463379
      Z: 795.48162841796875
    - X: -540.02252197265625
      Y: -9.9999971389770508
      Z: 681.49102783203125
    - X: -566.9656982421875
      Y: -10.000003814697266
      Z: 565.42791748046875
    - X: -445.97579956054688
      Y: -10.000004768371582
      Z: 514.5933837890625
    - X: -433.44354248046875
      Y: -10.000003814697266
      Z: 612.03778076171875
    - X: -437.2449951171875
      Y: -9.9999885559082031
      Z: 822.75885009765625
    - X: -375.21331787109375
      Y: -10.000004768371582
      Z: 829.1767578125
  ReturnParameters:
  - Id: 0
    Type: 2
    Rate: 0
    EntryType: 1
    Argument04: 1172
    Argument08: 0
    Argument0c: 0
  - Id: 0
    Type: 0
    Rate: 0
    EntryType: 0
    Argument04: 0
    Argument08: 0
    Argument0c: 0
  - Id: 0
    Type: 0
    Rate: 0
    EntryType: 0
    Argument04: 0
    Argument08: 0
    Argument0c: 0
  - Id: 1
    Type: 0
    Rate: 40
    EntryType: 0
    Argument04: 0
    Argument08: 0
    Argument0c: 0
  - Id: 1
    Type: 3
    Rate: 40
    EntryType: 0
    Argument04: 0
    Argument08: 0
    Argument0c: 0
  Signals: []
