- Type: 6
  Flag: 0
  Id: 981
  Teleport:
    Place: 0
    Door: 0
    World: 0
    Unknown: 0
  Unk20: 0
  Unk24: 0
  Entities:
  - ObjectId: 1285
    PositionX: 182.30520629882812
    PositionY: -1.3286429521031096E-06
    PositionZ: -529.83050537109375
    RotationX: 0
    RotationY: -1.1307016611099243
    RotationZ: 0
    SpawnType: 0
    SpawnArgument: 0
    Serial: 68
    Argument1: 0
    Argument2: 0
    ReactionCommand: 1419
    SpawnDelay: 0
    Command: 31
    SpawnRange: 0
    Level: 0
    Medal: 0
  EventActivators:
  - Shape: 0
    Option: 1
    PositionX: 231.72300720214844
    PositionY: -100
    PositionZ: -727.85308837890625
    ScaleX: 101.39849853515625
    ScaleY: 100
    ScaleZ: 37.678501129150391
    RotationX: 0
    RotationY: -1.808621883392334
    RotationZ: 0
    Flags: 0
    Type: 0
    OnBgGroup: 0
    OffBgGroup: 0
  - Shape: 0
    Option: 1
    PositionX: 5.4542660713195801
    PositionY: -100
    PositionZ: -595.576171875
    ScaleX: 101.39849853515625
    ScaleY: 100
    ScaleZ: 37.678501129150391
    RotationX: 0
    RotationY: -1.569855809211731
    RotationZ: 0
    Flags: 0
    Type: 0
    OnBgGroup: 0
    OffBgGroup: 0
  WalkPath:
  - Serial: 106
    Flag: 1
    Id: 0
    Positions:
    - X: 207.46710205078125
      Y: -6.5824151533888653E-06
      Z: -517.49609375
    - X: 283.7252197265625
      Y: -10.000006675720215
      Z: -616.671875
    - X: 244.37947082519531
      Y: -10.000006675720215
      Z: -707.02142333984375
    - X: 211.55325317382812
      Y: -10.000016212463379
      Z: -793.177978515625
    - X: 214.2713623046875
      Y: -10.000026702880859
      Z: -858.1583251953125
    - X: 145.4134521484375
      Y: -10.000016212463379
      Z: -846.68951416015625
    - X: 81.906501770019531
      Y: -10.000006675720215
      Z: -655.5728759765625
    - X: 108.72560119628906
      Y: -10.000006675720215
      Z: -520.8876953125
    - X: 132.71495056152344
      Y: -9.9999961853027344
      Z: -465.35687255859375
    - X: 82.7738037109375
      Y: -10.000000953674316
      Z: -442.05145263671875
    - X: -14.317099571228027
      Y: -10.000016212463379
      Z: -502.03466796875
    - X: 21.952600479125977
      Y: -9.9999971389770508
      Z: -616.0252685546875
    - X: -4.9906001091003418
      Y: -10.000003814697266
      Z: -732.08837890625
    - X: 115.99931335449219
      Y: -10.000004768371582
      Z: -782.92291259765625
    - X: 128.53155517578125
      Y: -10.000003814697266
      Z: -685.478515625
    - X: 124.73008728027344
      Y: -9.9999885559082031
      Z: -474.7574462890625
    - X: 186.76177978515625
      Y: -10.000004768371582
      Z: -468.33953857421875
  ReturnParameters:
  - Id: 0
    Type: 2
    Rate: 0
    EntryType: 1
    Argument04: 1172
    Argument08: 0
    Argument0c: 0
  - Id: 0
    Type: 0
    Rate: 0
    EntryType: 0
    Argument04: 0
    Argument08: 0
    Argument0c: 0
  - Id: 0
    Type: 0
    Rate: 0
    EntryType: 0
    Argument04: 0
    Argument08: 0
    Argument0c: 0
  - Id: 1
    Type: 0
    Rate: 40
    EntryType: 0
    Argument04: 0
    Argument08: 0
    Argument0c: 0
  - Id: 1
    Type: 3
    Rate: 40
    EntryType: 0
    Argument04: 0
    Argument08: 0
    Argument0c: 0
  Signals: []
