- Type: 6
  Flag: 0
  Id: 704
  Teleport:
    Place: 0
    Door: 0
    World: 0
    Unknown: 0
  Unk20: 0
  Unk24: 0
  Entities:
  - ObjectId: 1285
    PositionX: 320.8297119140625
    PositionY: 6.2173658079700544E-06
    PositionZ: -720.0977783203125
    RotationX: 0
    RotationY: 1.5707963705062866
    RotationZ: 0
    SpawnType: 0
    SpawnArgument: 0
    Serial: 59
    Argument1: 0
    Argument2: 0
    ReactionCommand: 1379
    SpawnDelay: 0
    Command: 31
    SpawnRange: 0
    Level: 0
    Medal: 0
  EventActivators:
  - Shape: 0
    Option: 0
    PositionX: 50.716259002685547
    PositionY: -100
    PositionZ: -722.64642333984375
    ScaleX: 128.40365600585938
    ScaleY: 100
    ScaleZ: 34.908470153808594
    RotationX: 0
    RotationY: -1.5707963705062866
    RotationZ: 0
    Flags: 0
    Type: 0
    OnBgGroup: 0
    OffBgGroup: 0
  - Shape: 0
    Option: 1
    PositionX: 266.6737060546875
    PositionY: -100
    PositionZ: -647.722412109375
    ScaleX: 128.40350341796875
    ScaleY: 100
    ScaleZ: 34.908451080322266
    RotationX: 0
    RotationY: -1.6981749534606934
    RotationZ: 0
    Flags: 0
    Type: 0
    OnBgGroup: 0
    OffBgGroup: 0
  - Shape: 0
    Option: 1
    PositionX: 149.88040161132812
    PositionY: -100
    PositionZ: -696.20257568359375
    ScaleX: 128.40350341796875
    ScaleY: 100
    ScaleZ: 34.908451080322266
    RotationX: 0
    RotationY: -1.4280990362167358
    RotationZ: 0
    Flags: 0
    Type: 0
    OnBgGroup: 0
    OffBgGroup: 0
  WalkPath:
  - Serial: 60
    Flag: 1
    Id: 0
    Positions:
    - X: 322.8245849609375
      Y: -4.4546250137500465E-06
      Z: -518.0518798828125
    - X: 284.077880859375
      Y: -9.999995231628418
      Z: -580.89642333984375
    - X: 281.151611328125
      Y: -10.000002861022949
      Z: -650.47259521484375
    - X: 244.81411743164062
      Y: -10.000004768371582
      Z: -732.97540283203125
    - X: 277.2786865234375
      Y: -10.000014305114746
      Z: -841.78619384765625
    - X: 242.61955261230469
      Y: -10.000014305114746
      Z: -886.2926025390625
    - X: 171.99360656738281
      Y: -9.9999980926513672
      Z: -811.40411376953125
    - X: 120.70480346679688
      Y: -9.9999933242797852
      Z: -533.167724609375
    - X: 175.79510498046875
      Y: -9.9999942779541016
      Z: -446.37823486328125
    - X: 219.28120422363281
      Y: -9.9999837875366211
      Z: -525.11614990234375
    - X: 188.08290100097656
      Y: -10
      Z: -652.52301025390625
    - X: 105.21540069580078
      Y: -10.000014305114746
      Z: -747.46881103515625
    - X: 148.00729370117188
      Y: -10.000004768371582
      Z: -865.76409912109375
    - X: 71.037696838378906
      Y: -10.000024795532227
      Z: -855.3153076171875
    - X: 73.251800537109375
      Y: -10.000004768371582
      Z: -603.95880126953125
    - X: 278.77316284179688
      Y: -9.9999809265136719
      Z: -464.29055786132812
  ReturnParameters:
  - Id: 1
    Type: 0
    Rate: 40
    EntryType: 0
    Argument04: 0
    Argument08: 0
    Argument0c: 0
  - Id: 1
    Type: 3
    Rate: 40
    EntryType: 0
    Argument04: 0
    Argument08: 0
    Argument0c: 0
  Signals: []
