- Type: 1
  Flag: 0
  Id: 39
  Teleport:
    Place: 0
    Door: 0
    World: 0
    Unknown: 0
  Unk20: 0
  Unk24: 0
  Entities:
  - ObjectId: 566
    PositionX: 3.8142499923706055
    PositionY: -9.0812936832662672E-06
    PositionZ: -340.87820434570312
    RotationX: 0
    RotationY: 2.5309960842132568
    RotationZ: 0
    SpawnType: 1
    SpawnArgument: 50
    Serial: 8
    Argument1: 0
    Argument2: 0
    ReactionCommand: 0
    SpawnDelay: 0
    Command: 0
    SpawnRange: 0
    Level: 0
    Medal: 0
  EventActivators: []
  WalkPath: []
  ReturnParameters: []
  Signals: []
