- Type: 6
  Flag: 0
  Id: 468
  Teleport:
    Place: 0
    Door: 0
    World: 0
    Unknown: 0
  Unk20: 0
  Unk24: 0
  Entities:
  - ObjectId: 1289
    PositionX: -386.855712890625
    PositionY: 1.1896099749719724E-05
    PositionZ: 666.392822265625
    RotationX: 0
    RotationY: -2.5722227096557617
    RotationZ: 0
    SpawnType: 0
    SpawnArgument: 0
    Serial: 42
    Argument1: 0
    Argument2: 0
    ReactionCommand: 634
    SpawnDelay: 0
    Command: 31
    SpawnRange: 0
    Level: 0
    Medal: 0
  EventActivators:
  - Shape: 0
    Option: 1
    PositionX: -50.400531768798828
    PositionY: -100
    PositionZ: 696.22271728515625
    ScaleX: 112.51100158691406
    ScaleY: 100
    ScaleZ: 36.270301818847656
    RotationX: 0
    RotationY: -3.1176013946533203
    RotationZ: 0
    Flags: 0
    Type: 0
    OnBgGroup: 0
    OffBgGroup: 0
  - Shape: 0
    Option: 0
    PositionX: -426.72390747070312
    PositionY: -100
    PositionZ: 585.626708984375
    ScaleX: 120.07755279541016
    ScaleY: 100
    ScaleZ: 48.495025634765625
    RotationX: 0
    RotationY: -0.49419432878494263
    RotationZ: 0
    Flags: 0
    Type: 0
    OnBgGroup: 0
    OffBgGroup: 0
  - Shape: 0
    Option: 0
    PositionX: -445.14080810546875
    PositionY: -100
    PositionZ: 849.58251953125
    ScaleX: 107.26750183105469
    ScaleY: 100
    ScaleZ: 45.903739929199219
    RotationX: 0
    RotationY: 0.048180948942899704
    RotationZ: 0
    Flags: 0
    Type: 0
    OnBgGroup: 0
    OffBgGroup: 0
  WalkPath:
  - Serial: 109
    Flag: 1
    Id: 0
    Positions:
    - X: -319.50140380859375
      Y: -1.030808016366791E-05
      Z: 826.66937255859375
    - X: -443.21490478515625
      Y: -9.9999933242797852
      Z: 850.25006103515625
    - X: -558.09368896484375
      Y: -9.9999971389770508
      Z: 819.36004638671875
    - X: -486.63558959960938
      Y: -10.499919891357422
      Z: 618.36102294921875
    - X: -326.77532958984375
      Y: -10.499910354614258
      Z: 552.0244140625
    - X: -209.326904296875
      Y: -10.000020027160645
      Z: 673.82269287109375
    - X: 111.48899841308594
      Y: -10.000020027160645
      Z: 687.55828857421875
    - X: 97.237899780273438
      Y: -10
      Z: 748.6346435546875
    - X: -153.17550659179688
      Y: -10.000005722045898
      Z: 805.63934326171875
    - X: -469.95370483398438
      Y: -10.000020027160645
      Z: 753.81866455078125
    - X: -568.3355712890625
      Y: -10.499930381774902
      Z: 670.5535888671875
    - X: -443.89230346679688
      Y: -10.499919891357422
      Z: 528.16180419921875
  ReturnParameters:
  - Id: 0
    Type: 0
    Rate: 0
    EntryType: 0
    Argument04: 0
    Argument08: 0
    Argument0c: 0
  - Id: 0
    Type: 0
    Rate: 0
    EntryType: 0
    Argument04: 0
    Argument08: 0
    Argument0c: 0
  - Id: 0
    Type: 0
    Rate: 0
    EntryType: 0
    Argument04: 0
    Argument08: 0
    Argument0c: 0
  - Id: 1
    Type: 0
    Rate: 20
    EntryType: 0
    Argument04: 0
    Argument08: 0
    Argument0c: 0
  - Id: 1
    Type: 0
    Rate: 20
    EntryType: 2
    Argument04: 0
    Argument08: 0
    Argument0c: 0
  - Id: 1
    Type: 3
    Rate: 40
    EntryType: 0
    Argument04: 0
    Argument08: 0
    Argument0c: 0
  Signals: []
