- Type: 6
  Flag: 0
  Id: 736
  Teleport:
    Place: 0
    Door: 0
    World: 0
    Unknown: 0
  Unk20: 0
  Unk24: 0
  Entities:
  - ObjectId: 1289
    PositionX: -294.71011352539062
    PositionY: -5.1364509999984875E-05
    PositionZ: 721.12060546875
    RotationX: 0
    RotationY: 0.04694068431854248
    RotationZ: 0
    SpawnType: 0
    SpawnArgument: 0
    Serial: 61
    Argument1: 0
    Argument2: 0
    ReactionCommand: 1380
    SpawnDelay: 0
    Command: 31
    SpawnRange: 0
    Level: 0
    Medal: 0
  EventActivators:
  - Shape: 0
    Option: 1
    PositionX: -531.62017822265625
    PositionY: -100
    PositionZ: 276.35330200195312
    ScaleX: 128.07749938964844
    ScaleY: 100
    ScaleZ: 47.102199554443359
    RotationX: 0
    RotationY: -1.4894036054611206
    RotationZ: 0
    Flags: 0
    Type: 0
    OnBgGroup: 0
    OffBgGroup: 0
  - Shape: 0
    Option: 0
    PositionX: -304.79058837890625
    PositionY: -100
    PositionZ: 743.1884765625
    ScaleX: 128.07749938964844
    ScaleY: 100
    ScaleZ: 47.102210998535156
    RotationX: 0
    RotationY: 3.0746731758117676
    RotationZ: 0
    Flags: 0
    Type: 0
    OnBgGroup: 0
    OffBgGroup: 0
  - Shape: 0
    Option: 0
    PositionX: -448.74209594726562
    PositionY: -100
    PositionZ: 500.20779418945312
    ScaleX: 92.177398681640625
    ScaleY: 100
    ScaleZ: 27.022954940795898
    RotationX: 0
    RotationY: -1.5152758359909058
    RotationZ: 0
    Flags: 0
    Type: 0
    OnBgGroup: 0
    OffBgGroup: 0
  WalkPath:
  - Serial: 110
    Flag: 1
    Id: 0
    Positions:
    - X: -177.8739013671875
      Y: -7.3648379839141853E-06
      Z: 732.024169921875
    - X: -184.7325439453125
      Y: -10.000007629394531
      Z: 669.30804443359375
    - X: -284.05010986328125
      Y: -10.000004768371582
      Z: 634.54498291015625
    - X: -348.769287109375
      Y: -10.499917030334473
      Z: 575.76080322265625
    - X: -380.18359375
      Y: -10.499917030334473
      Z: 511.14990234375
    - X: -406.96038818359375
      Y: -10.499937057495117
      Z: 406.198486328125
    - X: -474.92840576171875
      Y: -10.499917030334473
      Z: 406.5380859375
    - X: -492.7283935546875
      Y: -10.499927520751953
      Z: 469.24600219726562
    - X: -481.426513671875
      Y: -10.499917030334473
      Z: 608.6671142578125
    - X: -548.68231201171875
      Y: -10.000007629394531
      Z: 682.52581787109375
    - X: -442.34420776367188
      Y: -9.9999980926513672
      Z: 813.03363037109375
    - X: -257.65005493164062
      Y: -10.000017166137695
      Z: 787.664306640625
    - X: -352.74240112304688
      Y: -9.9999971389770508
      Z: 660.91595458984375
    - X: -444.64691162109375
      Y: -10.499917030334473
      Z: 579.1173095703125
    - X: -437.5928955078125
      Y: -10.499937057495117
      Z: 375.9906005859375
    - X: -414.58319091796875
      Y: -10.499907493591309
      Z: 241.81599426269531
    - X: -418.41268920898438
      Y: -10.499897003173828
      Z: 137.38139343261719
    - X: -517.77410888671875
      Y: -10.499907493591309
      Z: 148.02810668945312
    - X: -534.99951171875
      Y: -10.499927520751953
      Z: 442.57229614257812
    - X: -511.8804931640625
      Y: -10.499927520751953
      Z: 623.5220947265625
    - X: -428.6658935546875
      Y: -9.9999971389770508
      Z: 755.3319091796875
  ReturnParameters:
  - Id: 1
    Type: 0
    Rate: 40
    EntryType: 0
    Argument04: 0
    Argument08: 0
    Argument0c: 0
  - Id: 1
    Type: 3
    Rate: 40
    EntryType: 0
    Argument04: 0
    Argument08: 0
    Argument0c: 0
  Signals: []
