- Type: 2
  Flag: 0
  Id: 58
  Teleport:
    Place: 0
    Door: 0
    World: 0
    Unknown: 0
  Unk20: 0
  Unk24: 0
  Entities:
  - ObjectId: 1838
    PositionX: -189.94869995117188
    PositionY: -92.103286743164062
    PositionZ: -577.84442138671875
    RotationX: 0
    RotationY: -0.37717717885971069
    RotationZ: 0
    SpawnType: 2
    SpawnArgument: 0
    Serial: 23
    Argument1: 0
    Argument2: 0
    ReactionCommand: 0
    SpawnDelay: 25
    Command: 0
    SpawnRange: 0
    Level: 0
    Medal: 0
  - ObjectId: 119
    PositionX: -440.79058837890625
    PositionY: -292.10330200195312
    PositionZ: -532.25537109375
    RotationX: 0
    RotationY: -0.37717717885971069
    RotationZ: 0
    SpawnType: 2
    SpawnArgument: 0
    Serial: 25
    Argument1: 0
    Argument2: 0
    ReactionCommand: 0
    SpawnDelay: 0
    Command: 0
    SpawnRange: 0
    Level: 0
    Medal: 0
  - ObjectId: 119
    PositionX: 24.063390731811523
    PositionY: -192.10330200195312
    PositionZ: -716.4041748046875
    RotationX: 0
    RotationY: -0.37717717885971069
    RotationZ: 0
    SpawnType: 2
    SpawnArgument: 0
    Serial: 26
    Argument1: 0
    Argument2: 0
    ReactionCommand: 0
    SpawnDelay: 0
    Command: 0
    SpawnRange: 0
    Level: 0
    Medal: 0
  EventActivators:
  - Shape: 1
    Option: 0
    PositionX: -236.86970520019531
    PositionY: -125
    PositionZ: -572.40472412109375
    ScaleX: 443.23959350585938
    ScaleY: 175
    ScaleZ: 649.72900390625
    RotationX: 0
    RotationY: 1.0869917869567871
    RotationZ: 0
    Flags: 0
    Type: 0
    OnBgGroup: 0
    OffBgGroup: 0
  WalkPath: []
  ReturnParameters: []
  Signals: []
- Type: 2
  Flag: 0
  Id: 59
  Teleport:
    Place: 0
    Door: 0
    World: 0
    Unknown: 0
  Unk20: 0
  Unk24: 0
  Entities:
  - ObjectId: 1838
    PositionX: 618.66180419921875
    PositionY: 28.257070541381836
    PositionZ: 1551.2110595703125
    RotationX: 0
    RotationY: -0.56414014101028442
    RotationZ: 0
    SpawnType: 2
    SpawnArgument: 0
    Serial: 24
    Argument1: 0
    Argument2: 0
    ReactionCommand: 0
    SpawnDelay: 15
    Command: 0
    SpawnRange: 0
    Level: 0
    Medal: 0
  - ObjectId: 119
    PositionX: 638.4813232421875
    PositionY: -200.91169738769531
    PositionZ: 1301.998046875
    RotationX: 0
    RotationY: -0.56414014101028442
    RotationZ: 0
    SpawnType: 2
    SpawnArgument: 0
    Serial: 27
    Argument1: 0
    Argument2: 0
    ReactionCommand: 0
    SpawnDelay: 25
    Command: 0
    SpawnRange: 0
    Level: 0
    Medal: 0
  - ObjectId: 1838
    PositionX: 880.7794189453125
    PositionY: 49.088279724121094
    PositionZ: 1030.35205078125
    RotationX: 0
    RotationY: -0.56414014101028442
    RotationZ: 0
    SpawnType: 2
    SpawnArgument: 0
    Serial: 79
    Argument1: 0
    Argument2: 0
    ReactionCommand: 0
    SpawnDelay: 15
    Command: 0
    SpawnRange: 0
    Level: 0
    Medal: 0
  - ObjectId: 1838
    PositionX: 378.05160522460938
    PositionY: 30.680759429931641
    PositionZ: 1170.93994140625
    RotationX: 0
    RotationY: -0.56414014101028442
    RotationZ: 0
    SpawnType: 2
    SpawnArgument: 0
    Serial: 80
    Argument1: 0
    Argument2: 0
    ReactionCommand: 0
    SpawnDelay: 15
    Command: 0
    SpawnRange: 0
    Level: 0
    Medal: 0
  EventActivators:
  - Shape: 1
    Option: 0
    PositionX: 601.0198974609375
    PositionY: -100
    PositionZ: 1246.18603515625
    ScaleX: 547.54901123046875
    ScaleY: 200
    ScaleZ: 652.8800048828125
    RotationX: 0
    RotationY: 1.0869917869567871
    RotationZ: 0
    Flags: 0
    Type: 0
    OnBgGroup: 0
    OffBgGroup: 0
  WalkPath: []
  ReturnParameters: []
  Signals: []
