- Type: 6
  Flag: 0
  Id: 50
  Teleport:
    Place: 0
    Door: 0
    World: 0
    Unknown: 0
  Unk20: 0
  Unk24: 0
  Entities:
  - ObjectId: 1197
    PositionX: 851.94622802734375
    PositionY: -138.01300048828125
    PositionZ: 577.1785888671875
    RotationX: 0
    RotationY: 0.85212594270706177
    RotationZ: 0
    SpawnType: 0
    SpawnArgument: 0
    Serial: 18
    Argument1: 0
    Argument2: 0
    ReactionCommand: 338
    SpawnDelay: 0
    Command: 31
    SpawnRange: 0
    Level: 0
    Medal: 0
  EventActivators:
  - Shape: 0
    Option: 0
    PositionX: 903.47161865234375
    PositionY: -222.8135986328125
    PositionZ: 1148.7230224609375
    ScaleX: 206.81460571289062
    ScaleY: 100
    ScaleZ: 44.876968383789062
    RotationX: 0
    RotationY: -1.5707963705062866
    RotationZ: 0
    Flags: 0
    Type: 0
    OnBgGroup: 0
    OffBgGroup: 0
  - Shape: 0
    Option: 1
    PositionX: 1052.178955078125
    PositionY: -226.18710327148438
    PositionZ: 780.6348876953125
    ScaleX: 206.81449890136719
    ScaleY: 100
    ScaleZ: 44.876949310302734
    RotationX: 0
    RotationY: -1.5707963705062866
    RotationZ: 0
    Flags: 0
    Type: 0
    OnBgGroup: 0
    OffBgGroup: 0
  - Shape: 0
    Option: 0
    PositionX: 531.361572265625
    PositionY: -234.26350402832031
    PositionZ: 959.0474853515625
    ScaleX: 144.88874816894531
    ScaleY: 100
    ScaleZ: 44.876968383789062
    RotationX: 0
    RotationY: -1.088316798210144
    RotationZ: 0
    Flags: 0
    Type: 0
    OnBgGroup: 0
    OffBgGroup: 0
  WalkPath:
  - Serial: 33
    Flag: 1
    Id: 0
    Positions:
    - X: 842.92138671875
      Y: -137.98129272460938
      Z: 599.005615234375
    - X: 1040.17724609375
      Y: -129.576171875
      Z: 591.40625
    - X: 1049.6964111328125
      Y: -123.52700042724609
      Z: 877.8153076171875
    - X: 1183.990966796875
      Y: -126.50852203369141
      Z: 1154.7406005859375
    - X: 1526.4381103515625
      Y: -148.56959533691406
      Z: 1081.5965576171875
    - X: 1423.3714599609375
      Y: -132.18785095214844
      Z: 722.52587890625
    - X: 788.10870361328125
      Y: -124.93499755859375
      Z: 1132.088134765625
    - X: 482.78628540039062
      Y: -133.86907958984375
      Z: 1118.1260986328125
    - X: 592.8206787109375
      Y: -136.79850769042969
      Z: 850.31219482421875
    - X: 851.51824951171875
      Y: -131.06108093261719
      Z: 858.8397216796875
    - X: 915.02471923828125
      Y: -121.73732757568359
      Z: 1309.7396240234375
    - X: 1223.8878173828125
      Y: -134.33018493652344
      Z: 1424.0435791015625
  ReturnParameters:
  - Id: 0
    Type: 2
    Rate: 0
    EntryType: 0
    Argument04: 0
    Argument08: 0
    Argument0c: 0
  - Id: 0
    Type: 0
    Rate: 0
    EntryType: 0
    Argument04: 0
    Argument08: 0
    Argument0c: 0
  - Id: 0
    Type: 0
    Rate: 0
    EntryType: 0
    Argument04: 0
    Argument08: 0
    Argument0c: 0
  - Id: 1
    Type: 0
    Rate: 30
    EntryType: 3
    Argument04: -1002691155
    Argument08: -1011843829
    Argument0c: 1143711180
  - Id: 1
    Type: 3
    Rate: 30
    EntryType: 0
    Argument04: 0
    Argument08: 0
    Argument0c: 0
  - Id: 1
    Type: 0
    Rate: 10
    EntryType: 0
    Argument04: 0
    Argument08: 0
    Argument0c: 0
  Signals: []
