- Type: 6
  Flag: 0
  Id: 199
  Teleport:
    Place: 0
    Door: 0
    World: 0
    Unknown: 0
  Unk20: 0
  Unk24: 0
  Entities:
  - ObjectId: 1197
    PositionX: 1643.136962890625
    PositionY: -50.112571716308594
    PositionZ: -1058.5419921875
    RotationX: 0
    RotationY: 0.85212594270706177
    RotationZ: 0
    SpawnType: 0
    SpawnArgument: 0
    Serial: 21
    Argument1: 0
    Argument2: 0
    ReactionCommand: 1027
    SpawnDelay: 0
    Command: 31
    SpawnRange: 0
    Level: 0
    Medal: 0
  EventActivators:
  - Shape: 0
    Option: 0
    PositionX: 1672.137939453125
    PositionY: -195.79461669921875
    PositionZ: -709.99169921875
    ScaleX: 206.81460571289062
    ScaleY: 100
    ScaleZ: 44.876968383789062
    RotationX: 0
    RotationY: -1.5707963705062866
    RotationZ: 0
    Flags: 0
    Type: 0
    OnBgGroup: 0
    OffBgGroup: 0
  - Shape: 0
    Option: 1
    PositionX: 1830.8199462890625
    PositionY: -153.56678771972656
    PositionZ: -1018.2349853515625
    ScaleX: 206.81449890136719
    ScaleY: 100
    ScaleZ: 44.876949310302734
    RotationX: 0
    RotationY: -1.5707963705062866
    RotationZ: 0
    Flags: 0
    Type: 0
    OnBgGroup: 0
    OffBgGroup: 0
  - Shape: 0
    Option: 0
    PositionX: 1482.56396484375
    PositionY: -184.91600036621094
    PositionZ: -855.50921630859375
    ScaleX: 144.88874816894531
    ScaleY: 100
    ScaleZ: 44.876968383789062
    RotationX: 0
    RotationY: -1.2295160293579102
    RotationZ: 0
    Flags: 0
    Type: 0
    OnBgGroup: 0
    OffBgGroup: 0
  WalkPath:
  - Serial: 35
    Flag: 1
    Id: 0
    Positions:
    - X: 1612.1500244140625
      Y: -23.347440719604492
      Z: -1196.7259521484375
    - X: 1809.406005859375
      Y: -22.938169479370117
      Z: -1204.3253173828125
    - X: 1818.925048828125
      Y: -67.655899047851562
      Z: -917.91632080078125
    - X: 1860.7242431640625
      Y: -87.365478515625
      Z: -750.7125244140625
    - X: 1952.463134765625
      Y: -78.6973876953125
      Z: -806.53692626953125
    - X: 1903.710205078125
      Y: -64.821907043457031
      Z: -962.79107666015625
    - X: 1776.5736083984375
      Y: -64.641502380371094
      Z: -939.98870849609375
    - X: 1557.33740234375
      Y: -118.40029907226562
      Z: -663.64349365234375
    - X: 1454.2554931640625
      Y: -117.72541809082031
      Z: -701.09637451171875
    - X: 1514.9697265625
      Y: -73.257461547851562
      Z: -929.66229248046875
    - X: 1641.320068359375
      Y: -66.513992309570312
      Z: -941.65350341796875
    - X: 1684.2532958984375
      Y: -118.790283203125
      Z: -485.99200439453125
    - X: 1869.1158447265625
      Y: -112.7811279296875
      Z: -555.5791015625
  ReturnParameters:
  - Id: 0
    Type: 2
    Rate: 0
    EntryType: 0
    Argument04: 0
    Argument08: 0
    Argument0c: 0
  - Id: 0
    Type: 0
    Rate: 0
    EntryType: 0
    Argument04: 0
    Argument08: 0
    Argument0c: 0
  - Id: 0
    Type: 0
    Rate: 0
    EntryType: 0
    Argument04: 0
    Argument08: 0
    Argument0c: 0
  - Id: 1
    Type: 0
    Rate: 30
    EntryType: 3
    Argument04: 1149991936
    Argument08: -1011843829
    Argument0c: -991194202
  - Id: 1
    Type: 3
    Rate: 30
    EntryType: 0
    Argument04: 0
    Argument08: 0
    Argument0c: 0
  - Id: 1
    Type: 0
    Rate: 10
    EntryType: 0
    Argument04: 0
    Argument08: 0
    Argument0c: 0
  Signals: []
