- Type: 6
  Flag: 0
  Id: 295
  Teleport:
    Place: 0
    Door: 0
    World: 0
    Unknown: 0
  Unk20: 0
  Unk24: 0
  Entities:
  - ObjectId: 1196
    PositionX: 368.21481323242188
    PositionY: -219.67799377441406
    PositionZ: 151.75979614257812
    RotationX: 0
    RotationY: 2.0596036911010742
    RotationZ: 0
    SpawnType: 0
    SpawnArgument: 0
    Serial: 24
    Argument1: 0
    Argument2: 2
    ReactionCommand: 1021
    SpawnDelay: 0
    Command: 31
    SpawnRange: 0
    Level: 0
    Medal: 0
  EventActivators:
  - Shape: 0
    Option: 1
    PositionX: 474.35760498046875
    PositionY: -287.9254150390625
    PositionZ: 432.92041015625
    ScaleX: 133.94599914550781
    ScaleY: 100
    ScaleZ: 40.790699005126953
    RotationX: 0
    RotationY: -0.38938626646995544
    RotationZ: 0
    Flags: 0
    Type: 0
    OnBgGroup: 0
    OffBgGroup: 0
  - Shape: 0
    Option: 0
    PositionX: 804.71661376953125
    PositionY: -286.5989990234375
    PositionZ: -32.160808563232422
    ScaleX: 151.64964294433594
    ScaleY: 100
    ScaleZ: 53.412799835205078
    RotationX: 0
    RotationY: -1.3552347421646118
    RotationZ: 0
    Flags: 0
    Type: 0
    OnBgGroup: 0
    OffBgGroup: 0
  WalkPath:
  - Serial: 32
    Flag: 1
    Id: 0
    Positions:
    - X: 563.03802490234375
      Y: -218.7135009765625
      Z: 45.077709197998047
    - X: 426.93728637695312
      Y: -219.99996948242188
      Z: -27.136789321899414
    - X: 507.30126953125
      Y: -219.99995422363281
      Z: -158.43008422851562
    - X: 713.9302978515625
      Y: -207.94407653808594
      Z: -168.27438354492188
    - X: 706.6099853515625
      Y: -200.15621948242188
      Z: 32.890651702880859
    - X: 584.20281982421875
      Y: -199.0552978515625
      Z: 192.68161010742188
    - X: 586.9149169921875
      Y: -176.57142639160156
      Z: 376.59991455078125
    - X: 368.9906005859375
      Y: -208.20707702636719
      Z: 454.08120727539062
    - X: 252.131103515625
      Y: -217.59788513183594
      Z: 322.1959228515625
    - X: 481.4664306640625
      Y: -219.09634399414062
      Z: 119.58293914794922
    - X: 721.94268798828125
      Y: -177.51275634765625
      Z: 146.28700256347656
    - X: 826.26092529296875
      Y: -196.35700988769531
      Z: -183.74238586425781
    - X: 723.151123046875
      Y: -208.56785583496094
      Z: -200.45538330078125
  ReturnParameters:
  - Id: 0
    Type: 2
    Rate: 0
    EntryType: 1
    Argument04: 1195
    Argument08: 0
    Argument0c: 0
  - Id: 0
    Type: 0
    Rate: 0
    EntryType: 0
    Argument04: 0
    Argument08: 0
    Argument0c: 0
  - Id: 0
    Type: 0
    Rate: 0
    EntryType: 0
    Argument04: 0
    Argument08: 0
    Argument0c: 0
  - Id: 1
    Type: 0
    Rate: 30
    EntryType: 3
    Argument04: -1012991918
    Argument08: -1013907453
    Argument0c: 1135841516
  - Id: 1
    Type: 3
    Rate: 30
    EntryType: 0
    Argument04: 0
    Argument08: 0
    Argument0c: 0
  - Id: 1
    Type: 0
    Rate: 10
    EntryType: 2
    Argument04: 0
    Argument08: 0
    Argument0c: 0
  Signals: []
