- Type: 3
  Flag: 0
  Id: 175
  Teleport:
    Place: 9
    Door: 0
    World: 0
    Unknown: 0
  Unk20: 0
  Unk24: 0
  Entities: []
  EventActivators:
  - Shape: 0
    Option: 0
    PositionX: -8.4000091552734375
    PositionY: -500
    PositionZ: -1595.113037109375
    ScaleX: 145.34249877929688
    ScaleY: 500
    ScaleZ: 290.89898681640625
    RotationX: 0
    RotationY: -1.5707963705062866
    RotationZ: 0
    Flags: 0
    Type: 0
    OnBgGroup: 0
    OffBgGroup: 0
  WalkPath: []
  ReturnParameters: []
  Signals: []
