- Type: 6
  Flag: 0
  Id: 222
  Teleport:
    Place: 0
    Door: 0
    World: 0
    Unknown: 0
  Unk20: 0
  Unk24: 0
  Entities:
  - ObjectId: 1229
    PositionX: 393.68148803710938
    PositionY: -932.914794921875
    PositionZ: -327.03009033203125
    RotationX: 0
    RotationY: 0
    RotationZ: 0
    SpawnType: 0
    SpawnArgument: 0
    Serial: 32
    Argument1: 0
    Argument2: 0
    ReactionCommand: 1523
    SpawnDelay: 0
    Command: 31
    SpawnRange: 0
    Level: 0
    Medal: 0
  EventActivators:
  - Shape: 0
    Option: 1
    PositionX: 470.34829711914062
    PositionY: -876.18927001953125
    PositionZ: -77.975051879882812
    ScaleX: 216.88400268554688
    ScaleY: 100
    ScaleZ: 85.360496520996094
    RotationX: 0
    RotationY: -0.19125685095787048
    RotationZ: 0
    Flags: 0
    Type: 0
    OnBgGroup: 0
    OffBgGroup: 0
  - Shape: 0
    Option: 1
    PositionX: -241.57870483398438
    PositionY: -876.18927001953125
    PositionZ: -101.54879760742188
    ScaleX: 216.88400268554688
    ScaleY: 100
    ScaleZ: 85.360496520996094
    RotationX: 0
    RotationY: -0.19125685095787048
    RotationZ: 0
    Flags: 0
    Type: 0
    OnBgGroup: 0
    OffBgGroup: 0
  - Shape: 0
    Option: 1
    PositionX: -100.13629913330078
    PositionY: -876.18927001953125
    PositionZ: -436.29580688476562
    ScaleX: 216.88400268554688
    ScaleY: 100
    ScaleZ: 85.360496520996094
    RotationX: 0
    RotationY: 0.076859660446643829
    RotationZ: 0
    Flags: 0
    Type: 0
    OnBgGroup: 0
    OffBgGroup: 0
  WalkPath:
  - Serial: 33
    Flag: 1
    Id: 0
    Positions:
    - X: -327.67498779296875
      Y: -872.67767333984375
      Z: -85.11273193359375
    - X: -586.9862060546875
      Y: -874.3267822265625
      Z: -252.55642700195312
    - X: -299.38653564453125
      Y: -872.67767333984375
      Z: -472.37142944335938
    - X: 35.360599517822266
      Y: -868.33624267578125
      Z: -431.76144409179688
    - X: 403.11099243164062
      Y: -876.3167724609375
      Z: -521.34161376953125
    - X: 695.42498779296875
      Y: -880.69403076171875
      Z: -177.16506958007812
    - X: 266.38320922851562
      Y: -873.6566162109375
      Z: -80.733428955078125
    - X: 134.37030029296875
      Y: -876.3167724609375
      Z: -342.18124389648438
    - X: -275.81280517578125
      Y: -869.087646484375
      Z: -549.58563232421875
    - X: -601.13037109375
      Y: -866.53070068359375
      Z: -319.92672729492188
    - X: -469.11749267578125
      Y: -880.05120849609375
      Z: -101.72908782958984
    - X: -49.504901885986328
      Y: -881.63714599609375
      Z: -125.9564208984375
    - X: 360.67819213867188
      Y: -868.33624267578125
      Z: -280.24652099609375
    - X: 398.39620971679688
      Y: -870.99639892578125
      Z: -586.1666259765625
  ReturnParameters:
  - Id: 0
    Type: 0
    Rate: 0
    EntryType: 0
    Argument04: 0
    Argument08: 0
    Argument0c: 0
  - Id: 0
    Type: 0
    Rate: 0
    EntryType: 0
    Argument04: 0
    Argument08: 0
    Argument0c: 0
  - Id: 0
    Type: 0
    Rate: 0
    EntryType: 0
    Argument04: 0
    Argument08: 0
    Argument0c: 0
  - Id: 1
    Type: 0
    Rate: 10
    EntryType: 0
    Argument04: 0
    Argument08: 0
    Argument0c: 0
  - Id: 1
    Type: 0
    Rate: 5
    EntryType: 0
    Argument04: 0
    Argument08: 0
    Argument0c: 0
  - Id: 1
    Type: 3
    Rate: 90
    EntryType: 0
    Argument04: 0
    Argument08: 0
    Argument0c: 0
  Signals: []
