- Type: 1
  Flag: 0
  Id: 7
  Teleport:
    Place: 0
    Door: 0
    World: 0
    Unknown: 0
  Unk20: 0
  Unk24: 0
  Entities:
  - ObjectId: 566
    PositionX: 239.59559631347656
    PositionY: -0.96604377031326294
    PositionZ: 894.3665771484375
    RotationX: 0
    RotationY: -1.5707963705062866
    RotationZ: 0
    SpawnType: 0
    SpawnArgument: 0
    Serial: 5
    Argument1: 0
    Argument2: 0
    ReactionCommand: 0
    SpawnDelay: 0
    Command: 0
    SpawnRange: 0
    Level: 0
    Medal: 0
  - ObjectId: 567
    PositionX: 339.59561157226562
    PositionY: -1.7599819898605347
    PositionZ: 794.3665771484375
    RotationX: 0
    RotationY: -1.5707963705062866
    RotationZ: 0
    SpawnType: 0
    SpawnArgument: 0
    Serial: 6
    Argument1: 0
    Argument2: 0
    ReactionCommand: 0
    SpawnDelay: 0
    Command: 0
    SpawnRange: 0
    Level: 0
    Medal: 0
  - ObjectId: 568
    PositionX: 339.59561157226562
    PositionY: 0.92560231685638428
    PositionZ: 994.3665771484375
    RotationX: 0
    RotationY: -1.5707963705062866
    RotationZ: 0
    SpawnType: 0
    SpawnArgument: 0
    Serial: 7
    Argument1: 0
    Argument2: 0
    ReactionCommand: 0
    SpawnDelay: 0
    Command: 0
    SpawnRange: 0
    Level: 0
    Medal: 0
  - ObjectId: 1488
    PositionX: -810.4044189453125
    PositionY: 4.7206230163574219
    PositionZ: 894.3668212890625
    RotationX: 0
    RotationY: 1.5707963705062866
    RotationZ: 0
    SpawnType: 0
    SpawnArgument: 0
    Serial: 8
    Argument1: 0
    Argument2: 0
    ReactionCommand: 0
    SpawnDelay: 0
    Command: 0
    SpawnRange: 0
    Level: 0
    Medal: 0
  EventActivators: []
  WalkPath: []
  ReturnParameters: []
  Signals: []
