- Type: 1
  Flag: 0
  Id: 4
  Teleport:
    Place: 0
    Door: 0
    World: 0
    Unknown: 0
  Unk20: 0
  Unk24: 0
  Entities:
  - ObjectId: 566
    PositionX: -1628.928955078125
    PositionY: -5.8454470634460449
    PositionZ: 952.3082275390625
    RotationX: 0
    RotationY: 1.5184364318847656
    RotationZ: 0
    SpawnType: 1
    SpawnArgument: 0
    Serial: 2
    Argument1: 0
    Argument2: 0
    ReactionCommand: 0
    SpawnDelay: 0
    Command: 0
    SpawnRange: 0
    Level: 0
    Medal: 0
  - ObjectId: 567
    PositionX: -1723.5579833984375
    PositionY: -2.9576790332794189
    PositionZ: 1057.405029296875
    RotationX: 0
    RotationY: 1.5184364318847656
    RotationZ: 0
    SpawnType: 1
    SpawnArgument: 0
    Serial: 3
    Argument1: 0
    Argument2: 0
    ReactionCommand: 0
    SpawnDelay: 0
    Command: 0
    SpawnRange: 0
    Level: 0
    Medal: 0
  - ObjectId: 568
    PositionX: -1734.0250244140625
    PositionY: -2.9288089275360107
    PositionZ: 857.67889404296875
    RotationX: 0
    RotationY: 1.5184364318847656
    RotationZ: 0
    SpawnType: 1
    SpawnArgument: 0
    Serial: 4
    Argument1: 0
    Argument2: 0
    ReactionCommand: 0
    SpawnDelay: 0
    Command: 0
    SpawnRange: 0
    Level: 0
    Medal: 0
  EventActivators: []
  WalkPath: []
  ReturnParameters: []
  Signals: []
