- Type: 6
  Flag: 0
  Id: 423
  Teleport:
    Place: 0
    Door: 0
    World: 0
    Unknown: 0
  Unk20: 0
  Unk24: 0
  Entities:
  - ObjectId: 1024
    PositionX: -242.15840148925781
    PositionY: -1.3468219549395144E-05
    PositionZ: -630.71087646484375
    RotationX: 0
    RotationY: 0
    RotationZ: 0
    SpawnType: 0
    SpawnArgument: 0
    Serial: 66
    Argument1: 0
    Argument2: 0
    ReactionCommand: 751
    SpawnDelay: 0
    Command: 31
    SpawnRange: 0
    Level: 0
    Medal: 0
  EventActivators:
  - Shape: 0
    Option: 0
    PositionX: -251.23519897460938
    PositionY: -100
    PositionZ: -512.2489013671875
    ScaleX: 60.614700317382812
    ScaleY: 100
    ScaleZ: 35.151096343994141
    RotationX: 0
    RotationY: 0.8443487286567688
    RotationZ: 0
    Flags: 0
    Type: 0
    OnBgGroup: 0
    OffBgGroup: 0
  - Shape: 0
    Option: 1
    PositionX: -382.89898681640625
    PositionY: -100
    PositionZ: -333.4595947265625
    ScaleX: 60.614498138427734
    ScaleY: 100
    ScaleZ: 35.151100158691406
    RotationX: 0
    RotationY: 0.38321006298065186
    RotationZ: 0
    Flags: 0
    Type: 0
    OnBgGroup: 0
    OffBgGroup: 0
  WalkPath:
  - Serial: 67
    Flag: 1
    Id: 0
    Positions:
    - X: -307.54791259765625
      Y: -0.45981720089912415
      Z: -320.99380493164062
    - X: -433.3153076171875
      Y: 6.7000000854022801E-06
      Z: -356.17868041992188
    - X: -334.60128784179688
      Y: 8.0000000934887794E-07
      Z: -489.97390747070312
    - X: -149.17990112304688
      Y: 8.9999997499035089E-07
      Z: -551.469482421875
    - X: -203.02409362792969
      Y: -3.299999889350147E-06
      Z: -608.48822021484375
    - X: -306.46084594726562
      Y: 7.3999999585794285E-06
      Z: -583.8843994140625
    - X: -195.59759521484375
      Y: 7.9999999798019417E-06
      Z: -458.10910034179688
    - X: -223.69184875488281
      Y: -1.049999991664663E-05
      Z: -407.2259521484375
    - X: -377.56362915039062
      Y: 5.4000001910026185E-06
      Z: -545.52349853515625
    - X: -403.11181640625
      Y: 1.3000000080864993E-06
      Z: -478.34368896484375
  ReturnParameters:
  - Id: 0
    Type: 0
    Rate: 0
    EntryType: 0
    Argument04: 0
    Argument08: 0
    Argument0c: 0
  - Id: 0
    Type: 0
    Rate: 0
    EntryType: 0
    Argument04: 0
    Argument08: 0
    Argument0c: 0
  - Id: 0
    Type: 0
    Rate: 0
    EntryType: 0
    Argument04: 0
    Argument08: 0
    Argument0c: 0
  - Id: 1
    Type: 0
    Rate: 10
    EntryType: 0
    Argument04: 0
    Argument08: 0
    Argument0c: 0
  - Id: 1
    Type: 4
    Rate: 20
    EntryType: 2
    Argument04: 0
    Argument08: 0
    Argument0c: 0
  - Id: 1
    Type: 1
    Rate: 30
    EntryType: 0
    Argument04: 0
    Argument08: 0
    Argument0c: 0
  Signals: []
