- Type: 6
  Flag: 0
  Id: 139
  Teleport:
    Place: 0
    Door: 0
    World: 0
    Unknown: 0
  Unk20: 0
  Unk24: 0
  Entities:
  - ObjectId: 1025
    PositionX: -353.04998779296875
    PositionY: -7.2442878717993153E-07
    PositionZ: -565.20697021484375
    RotationX: 0
    RotationY: 2.7515604496002197
    RotationZ: 0
    SpawnType: 0
    SpawnArgument: 0
    Serial: 48
    Argument1: 0
    Argument2: 0
    ReactionCommand: 167
    SpawnDelay: 0
    Command: 31
    SpawnRange: 0
    Level: 0
    Medal: 0
  EventActivators:
  - Shape: 0
    Option: 1
    PositionX: -278.47048950195312
    PositionY: -100.00000762939453
    PositionZ: -685.34429931640625
    ScaleX: 64.314498901367188
    ScaleY: 100
    ScaleZ: 34.262050628662109
    RotationX: 0
    RotationY: -1.5473415851593018
    RotationZ: 0
    Flags: 0
    Type: 0
    OnBgGroup: 0
    OffBgGroup: 0
  - Shape: 0
    Option: 1
    PositionX: -370.09359741210938
    PositionY: -100.00000762939453
    PositionZ: -441.465087890625
    ScaleX: 64.314498901367188
    ScaleY: 100
    ScaleZ: 34.262050628662109
    RotationX: 0
    RotationY: -0.78252166509628296
    RotationZ: 0
    Flags: 0
    Type: 0
    OnBgGroup: 0
    OffBgGroup: 0
  WalkPath:
  - Serial: 72
    Flag: 1
    Id: 0
    Positions:
    - X: -198.36439514160156
      Y: -7.8439798016916029E-06
      Z: -728.0833740234375
    - X: -258.38421630859375
      Y: 8.213410183088854E-06
      Z: -736.534912109375
    - X: -280.97720336914062
      Y: 4.9207801566808484E-06
      Z: -661.208251953125
    - X: -302.21359252929688
      Y: -2.3489699287893018E-06
      Z: -602.3721923828125
    - X: -375.08261108398438
      Y: 8.1049898881246918E-07
      Z: -567.17608642578125
    - X: -441.39999389648438
      Y: 6.5621202338661533E-07
      Z: -533.6217041015625
    - X: -483.60940551757812
      Y: 4.1095499909715727E-06
      Z: -454.61849975585938
    - X: -420.56829833984375
      Y: 6.0137299442430958E-06
      Z: -411.05599975585938
    - X: -359.2703857421875
      Y: 4.5171800593379885E-06
      Z: -445.2930908203125
    - X: -338.7672119140625
      Y: 2.3329901068791514E-06
      Z: -495.26150512695312
    - X: -280.8870849609375
      Y: 1.0155559948543669E-06
      Z: -525.40081787109375
    - X: -211.16348266601562
      Y: 1.16493902169168E-06
      Z: -575.2847900390625
  ReturnParameters:
  - Id: 1
    Type: 0
    Rate: 40
    EntryType: 2
    Argument04: 0
    Argument08: 0
    Argument0c: 0
  - Id: 1
    Type: 3
    Rate: 70
    EntryType: 0
    Argument04: 0
    Argument08: 0
    Argument0c: 0
  Signals: []
