- Type: 6
  Flag: 0
  Id: 73
  Teleport:
    Place: 0
    Door: 0
    World: 0
    Unknown: 0
  Unk20: 0
  Unk24: 0
  Entities:
  - ObjectId: 1288
    PositionX: -247.43449401855469
    PositionY: 2.0429570213309489E-05
    PositionZ: -763.0576171875
    RotationX: 0
    RotationY: 0
    RotationZ: 0
    SpawnType: 0
    SpawnArgument: 0
    Serial: 7
    Argument1: 0
    Argument2: 0
    ReactionCommand: 650
    SpawnDelay: 0
    Command: 31
    SpawnRange: 0
    Level: 0
    Medal: 0
  EventActivators:
  - Shape: 0
    Option: 1
    PositionX: 41.981548309326172
    PositionY: -100.99997711181641
    PositionZ: -80.235641479492188
    ScaleX: 319.29293823242188
    ScaleY: 100
    ScaleZ: 94.882003784179688
    RotationX: 0
    RotationY: 0.4345194399356842
    RotationZ: 0
    Flags: 0
    Type: 0
    OnBgGroup: 0
    OffBgGroup: 0
  - Shape: 0
    Option: 1
    PositionX: 338.20379638671875
    PositionY: -100.99997711181641
    PositionZ: -1179.8480224609375
    ScaleX: 319.29293823242188
    ScaleY: 100
    ScaleZ: 94.882003784179688
    RotationX: 0
    RotationY: 0.67181020975112915
    RotationZ: 0
    Flags: 0
    Type: 0
    OnBgGroup: 0
    OffBgGroup: 0
  - Shape: 0
    Option: 1
    PositionX: -85.815826416015625
    PositionY: -100.99997711181641
    PositionZ: -732.7205810546875
    ScaleX: 453.12924194335938
    ScaleY: 100
    ScaleZ: 94.882003784179688
    RotationX: 0
    RotationY: 0.47443458437919617
    RotationZ: 0
    Flags: 0
    Type: 0
    OnBgGroup: 0
    OffBgGroup: 0
  WalkPath:
  - Serial: 10
    Flag: 1
    Id: 0
    Positions:
    - X: -557.94921875
      Y: -0.99997121095657349
      Z: -526.33990478515625
    - X: -504.58377075195312
      Y: -0.99999505281448364
      Z: -764.1710205078125
    - X: -238.70979309082031
      Y: -0.9999958872795105
      Z: -783.12078857421875
    - X: 159.15150451660156
      Y: -0.99999117851257324
      Z: -675.04302978515625
    - X: 439.42849731445312
      Y: -0.99998962879180908
      Z: -640.08642578125
    - X: 593.24481201171875
      Y: -0.99999940395355225
      Z: -863.9508056640625
    - X: 396.29190063476562
      Y: -0.99997913837432861
      Z: -1147.24951171875
    - X: 62.695098876953125
      Y: -0.99999135732650757
      Z: -1362.19482421875
    - X: 24.497499465942383
      Y: -1.0000103712081909
      Z: -1116.102294921875
    - X: 422.284912109375
      Y: -0.99999332427978516
      Z: -724.4578857421875
    - X: 590.23980712890625
      Y: -1.0000108480453491
      Z: -444.66033935546875
    - X: 354.2130126953125
      Y: -0.99999648332595825
      Z: -115.84729766845703
    - X: 11.414400100708008
      Y: -0.99997597932815552
      Z: -328.03399658203125
    - X: -422.57260131835938
      Y: -1.0000070333480835
      Z: -358.68679809570312
    - X: -796.8095703125
      Y: -0.99997925758361816
      Z: -719.668701171875
    - X: -492.13912963867188
      Y: -1.0000009536743164
      Z: -901.81182861328125
    - X: 443.52481079101562
      Y: -1.0000096559524536
      Z: -417.16668701171875
    - X: 440.78768920898438
      Y: -0.99999332427978516
      Z: -43.246601104736328
    - X: -17.264299392700195
      Y: -0.99999666213989258
      Z: -119.02089691162109
  ReturnParameters:
  - Id: 0
    Type: 0
    Rate: 0
    EntryType: 0
    Argument04: 0
    Argument08: 0
    Argument0c: 0
  - Id: 0
    Type: 0
    Rate: 0
    EntryType: 0
    Argument04: 0
    Argument08: 0
    Argument0c: 0
  - Id: 0
    Type: 0
    Rate: 0
    EntryType: 0
    Argument04: 0
    Argument08: 0
    Argument0c: 0
  - Id: 1
    Type: 0
    Rate: 30
    EntryType: 0
    Argument04: 0
    Argument08: 0
    Argument0c: 0
  - Id: 1
    Type: 3
    Rate: 30
    EntryType: 0
    Argument04: 0
    Argument08: 0
    Argument0c: 0
  - Id: 1
    Type: 0
    Rate: 10
    EntryType: 2
    Argument04: 0
    Argument08: 0
    Argument0c: 0
  Signals: []
