- Type: 2
  Flag: 1
  Id: 859
  Teleport:
    Place: 0
    Door: 0
    World: 0
    Unknown: 0
  Unk20: 0
  Unk24: 0
  Entities:
  - ObjectId: 75
    PositionX: 488.92788696289062
    PositionY: 12.977970123291016
    PositionZ: -737.84002685546875
    RotationX: 0
    RotationY: 0.57490116357803345
    RotationZ: 0
    SpawnType: 2
    SpawnArgument: 0
    Serial: 384
    Argument1: 0
    Argument2: 0
    ReactionCommand: 0
    SpawnDelay: 0
    Command: 0
    SpawnRange: 0
    Level: 0
    Medal: 0
  EventActivators:
  - Shape: 1
    Option: 0
    PositionX: 442.16989135742188
    PositionY: -48.442901611328125
    PositionZ: -732.169677734375
    ScaleX: 668.45001220703125
    ScaleY: 151.5574951171875
    ScaleZ: 674.04998779296875
    RotationX: 0
    RotationY: 1.8221237659454346
    RotationZ: 0
    Flags: 0
    Type: 0
    OnBgGroup: 0
    OffBgGroup: 0
  WalkPath: []
  ReturnParameters:
  - Id: 0
    Type: 13
    Rate: 0
    EntryType: 0
    Argument04: 0
    Argument08: 0
    Argument0c: 0
  Signals: []
