- Type: 6
  Flag: 0
  Id: 695
  Teleport:
    Place: 0
    Door: 0
    World: 0
    Unknown: 0
  Unk20: 0
  Unk24: 0
  Entities:
  - ObjectId: 2048
    PositionX: 474.46051025390625
    PositionY: -49.308578491210938
    PositionZ: -1675.7569580078125
    RotationX: 0
    RotationY: 0
    RotationZ: 0
    SpawnType: 0
    SpawnArgument: 0
    Serial: 369
    Argument1: 0
    Argument2: 2
    ReactionCommand: 1702
    SpawnDelay: 0
    Command: 31
    SpawnRange: 0
    Level: 0
    Medal: 0
  EventActivators:
  - Shape: 0
    Option: 0
    PositionX: 733.6566162109375
    PositionY: -87.902412414550781
    PositionZ: -1177.593994140625
    ScaleX: 51.498348236083984
    ScaleY: 100
    ScaleZ: 54.947849273681641
    RotationX: 0
    RotationY: -2.5194001197814941
    RotationZ: 0
    Flags: 0
    Type: 0
    OnBgGroup: 0
    OffBgGroup: 0
  - Shape: 0
    Option: 1
    PositionX: 515.288330078125
    PositionY: -203.97329711914062
    PositionZ: -1867.5570068359375
    ScaleX: 35.831096649169922
    ScaleY: 100
    ScaleZ: 46.556949615478516
    RotationX: 0
    RotationY: 3.1156656742095947
    RotationZ: 0
    Flags: 0
    Type: 0
    OnBgGroup: 0
    OffBgGroup: 0
  - Shape: 0
    Option: 0
    PositionX: 497.49880981445312
    PositionY: -103.41408538818359
    PositionZ: -1496.177001953125
    ScaleX: 42.732288360595703
    ScaleY: 100
    ScaleZ: 34.091403961181641
    RotationX: 0
    RotationY: -1.466632604598999
    RotationZ: 0
    Flags: 0
    Type: 0
    OnBgGroup: 0
    OffBgGroup: 0
  WalkPath:
  - Serial: 370
    Flag: 1
    Id: 0
    Positions:
    - X: 475.05718994140625
      Y: -56.454849243164062
      Z: -1700.58203125
    - X: 484.27447509765625
      Y: -102.20900726318359
      Z: -1859.939697265625
    - X: 545.636962890625
      Y: -95.746513366699219
      Z: -1853.7342529296875
    - X: 544.9266357421875
      Y: -39.312179565429688
      Z: -1652.516357421875
    - X: 495.53445434570312
      Y: -10.365850448608398
      Z: -1502.281982421875
    - X: 531.91278076171875
      Y: -2.4190399646759033
      Z: -1357.1910400390625
    - X: 783.031982421875
      Y: 13.579139709472656
      Z: -1151.85595703125
    - X: 804.65679931640625
      Y: -3.4565401077270508
      Z: -1226.7823486328125
    - X: 635.18670654296875
      Y: -13.260530471801758
      Z: -1361.213134765625
    - X: 516.6785888671875
      Y: -2.4872899055480957
      Z: -1477.966796875
  ReturnParameters:
  - Id: 0
    Type: 2
    Rate: 0
    EntryType: 1
    Argument04: 1174
    Argument08: 0
    Argument0c: 0
  - Id: 0
    Type: 0
    Rate: 0
    EntryType: 0
    Argument04: 0
    Argument08: 0
    Argument0c: 0
  - Id: 0
    Type: 0
    Rate: 0
    EntryType: 0
    Argument04: 0
    Argument08: 0
    Argument0c: 0
  - Id: 1
    Type: 0
    Rate: 40
    EntryType: 0
    Argument04: 0
    Argument08: 0
    Argument0c: 0
  - Id: 1
    Type: 3
    Rate: 50
    EntryType: 0
    Argument04: 0
    Argument08: 0
    Argument0c: 0
  - Id: 1
    Type: 0
    Rate: 40
    EntryType: 2
    Argument04: 0
    Argument08: 0
    Argument0c: 0
  Signals: []
