- Type: 2
  Flag: 0
  Id: 217
  Teleport:
    Place: 0
    Door: 0
    World: 0
    Unknown: 0
  Unk20: 0
  Unk24: 0
  Entities:
  - ObjectId: 119
    PositionX: 486.59030151367188
    PositionY: -235.16830444335938
    PositionZ: -779.525390625
    RotationX: 0
    RotationY: -2.3092503547668457
    RotationZ: 0
    SpawnType: 2
    SpawnArgument: 0
    Serial: 216
    Argument1: 0
    Argument2: 0
    ReactionCommand: 0
    SpawnDelay: 25
    Command: 0
    SpawnRange: 0
    Level: 0
    Medal: 0
  - ObjectId: 1838
    PositionX: 725.509521484375
    PositionY: -135.16830444335938
    PositionZ: -591.3297119140625
    RotationX: 0
    RotationY: -2.3092503547668457
    RotationZ: 0
    SpawnType: 2
    SpawnArgument: 0
    Serial: 213
    Argument1: 0
    Argument2: 0
    ReactionCommand: 0
    SpawnDelay: 0
    Command: 0
    SpawnRange: 0
    Level: 0
    Medal: 0
  - ObjectId: 1838
    PositionX: 287.96481323242188
    PositionY: -135.16830444335938
    PositionZ: -1072.010986328125
    RotationX: 0
    RotationY: -2.3092503547668457
    RotationZ: 0
    SpawnType: 2
    SpawnArgument: 0
    Serial: 214
    Argument1: 0
    Argument2: 0
    ReactionCommand: 0
    SpawnDelay: 0
    Command: 0
    SpawnRange: 0
    Level: 0
    Medal: 0
  EventActivators:
  - Shape: 1
    Option: 0
    PositionX: 425.73440551757812
    PositionY: -76.7509765625
    PositionZ: -750.07122802734375
    ScaleX: 586.57147216796875
    ScaleY: 123.24900054931641
    ScaleZ: 486.50210571289062
    RotationX: 0
    RotationY: -2.3003911972045898
    RotationZ: 0
    Flags: 0
    Type: 0
    OnBgGroup: 0
    OffBgGroup: 0
  WalkPath: []
  ReturnParameters: []
  Signals: []
- Type: 2
  Flag: 0
  Id: 218
  Teleport:
    Place: 0
    Door: 0
    World: 0
    Unknown: 0
  Unk20: 0
  Unk24: 0
  Entities:
  - ObjectId: 119
    PositionX: -690.5955810546875
    PositionY: -46.990150451660156
    PositionZ: 375.93780517578125
    RotationX: 0
    RotationY: 0.64208167791366577
    RotationZ: 0
    SpawnType: 2
    SpawnArgument: 0
    Serial: 217
    Argument1: 0
    Argument2: 0
    ReactionCommand: 0
    SpawnDelay: 8
    Command: 0
    SpawnRange: 0
    Level: 0
    Medal: 0
  - ObjectId: 119
    PositionX: -370.610107421875
    PositionY: -35.0718994140625
    PositionZ: 365.48361206054688
    RotationX: 0
    RotationY: 0.64208167791366577
    RotationZ: 0
    SpawnType: 2
    SpawnArgument: 0
    Serial: 105
    Argument1: 0
    Argument2: 0
    ReactionCommand: 0
    SpawnDelay: 8
    Command: 0
    SpawnRange: 0
    Level: 0
    Medal: 0
  - ObjectId: 119
    PositionX: -741.09228515625
    PositionY: -46.990150451660156
    PositionZ: 26.009099960327148
    RotationX: 0
    RotationY: 0.64208167791366577
    RotationZ: 0
    SpawnType: 2
    SpawnArgument: 0
    Serial: 218
    Argument1: 0
    Argument2: 0
    ReactionCommand: 0
    SpawnDelay: 8
    Command: 0
    SpawnRange: 0
    Level: 0
    Medal: 0
  EventActivators:
  - Shape: 1
    Option: 0
    PositionX: -591.84808349609375
    PositionY: -76.7509765625
    PositionZ: 251.38259887695312
    ScaleX: 487.19668579101562
    ScaleY: 123.24900054931641
    ScaleZ: 469.06600952148438
    RotationX: 0
    RotationY: -2.0734529495239258
    RotationZ: 0
    Flags: 0
    Type: 0
    OnBgGroup: 0
    OffBgGroup: 0
  WalkPath: []
  ReturnParameters: []
  Signals: []
