- Type: 1
  Flag: 0
  Id: 11
  Teleport:
    Place: 1
    Door: 0
    World: 1
    Unknown: 0
  Unk20: 0
  Unk24: 0
  Entities: []
  EventActivators:
  - Shape: 0
    Option: 0
    PositionX: -1488.760009765625
    PositionY: -600
    PositionZ: 1680.56005859375
    ScaleX: 100
    ScaleY: 150
    ScaleZ: 100
    RotationX: 0
    RotationY: -0.95993107557296753
    RotationZ: 0
    Flags: 0
    Type: 0
    OnBgGroup: 0
    OffBgGroup: 0
  - Shape: 0
    Option: 1
    PositionX: -1650
    PositionY: -650
    PositionZ: 1920
    ScaleX: 600
    ScaleY: 250
    ScaleZ: 400
    RotationX: 0
    RotationY: -0.95993107557296753
    RotationZ: 0
    Flags: 0
    Type: 0
    OnBgGroup: 0
    OffBgGroup: 0
  WalkPath: []
  ReturnParameters: []
  Signals: []
