- Type: 6
  Flag: 0
  Id: 320
  Teleport:
    Place: 0
    Door: 0
    World: 0
    Unknown: 0
  Unk20: 0
  Unk24: 0
  Entities:
  - ObjectId: 1261
    PositionX: -1542.60205078125
    PositionY: -1.0918250154645648E-05
    PositionZ: -116.61689758300781
    RotationX: 0
    RotationY: 1.5775793790817261
    RotationZ: 0
    SpawnType: 0
    SpawnArgument: 0
    Serial: 35
    Argument1: 0
    Argument2: 0
    ReactionCommand: 1394
    SpawnDelay: 0
    Command: 31
    SpawnRange: 0
    Level: 0
    Medal: 0
  EventActivators:
  - Shape: 0
    Option: 0
    PositionX: -1580.8800048828125
    PositionY: -100.00000762939453
    PositionZ: 45.497711181640625
    ScaleX: 98.525749206542969
    ScaleY: 100
    ScaleZ: 39.373889923095703
    RotationX: 0
    RotationY: -0.010248243808746338
    RotationZ: 0
    Flags: 0
    Type: 0
    OnBgGroup: 0
    OffBgGroup: 0
  - Shape: 0
    Option: 1
    PositionX: -1470.3690185546875
    PositionY: -100.00000762939453
    PositionZ: -113.18509674072266
    ScaleX: 98.5260009765625
    ScaleY: 100
    ScaleZ: 39.3739013671875
    RotationX: 0
    RotationY: -0.010248243808746338
    RotationZ: 0
    Flags: 0
    Type: 0
    OnBgGroup: 0
    OffBgGroup: 0
  WalkPath:
  - Serial: 51
    Flag: 1
    Id: 0
    Positions:
    - X: -1443.2769775390625
      Y: 7.6683672887156717E-06
      Z: -42.2681884765625
    - X: -1580.1588134765625
      Y: 8.6452146206283942E-06
      Z: -64.615859985351562
    - X: -1512.68798828125
      Y: -0.12018993496894836
      Z: -167.29908752441406
    - X: -1419.8538818359375
      Y: -1.3717262845602818E-05
      Z: -180.65078735351562
    - X: -1325.3968505859375
      Y: -1.6560203221160918E-05
      Z: -245.689697265625
    - X: -1276.35302734375
      Y: -1.5099322808964644E-05
      Z: -212.26869201660156
    - X: -1357.427978515625
      Y: -1.1108102626167238E-05
      Z: -120.96025085449219
    - X: -1509.3746337890625
      Y: -1.1045943210774567E-05
      Z: -119.53800964355469
    - X: -1716.941650390625
      Y: -6.9237930802046321E-06
      Z: -25.234359741210938
    - X: -1638.0098876953125
      Y: 4.2294609556847718E-06
      Z: 36.404811859130859
    - X: -1486.2884521484375
      Y: 4.3014129005314317E-06
      Z: 34.758731842041016
  ReturnParameters:
  - Id: 0
    Type: 2
    Rate: 0
    EntryType: 1
    Argument04: 2126
    Argument08: 0
    Argument0c: 0
  - Id: 0
    Type: 2
    Rate: 0
    EntryType: 1
    Argument04: 2127
    Argument08: 0
    Argument0c: 0
  - Id: 1
    Type: 0
    Rate: 30
    EntryType: 0
    Argument04: 0
    Argument08: 0
    Argument0c: 0
  - Id: 1
    Type: 3
    Rate: 30
    EntryType: 0
    Argument04: 0
    Argument08: 0
    Argument0c: 0
  Signals: []
