- Type: 1
  Flag: 0
  Id: 124
  Teleport:
    Place: 0
    Door: 0
    World: 0
    Unknown: 0
  Unk20: 0
  Unk24: 0
  Entities:
  - ObjectId: 566
    PositionX: -1001.3289794921875
    PositionY: 2.3394519303110428E-05
    PositionZ: -320.01290893554688
    RotationX: 0
    RotationY: -1.5707963705062866
    RotationZ: 0
    SpawnType: 1
    SpawnArgument: 51
    Serial: 20
    Argument1: 0
    Argument2: 0
    ReactionCommand: 0
    SpawnDelay: 0
    Command: 0
    SpawnRange: 0
    Level: 0
    Medal: 0
  - ObjectId: 567
    PositionX: -901.32861328125
    PositionY: 9.6871961432043463E-05
    PositionZ: -420.01290893554688
    RotationX: 0
    RotationY: -1.5707963705062866
    RotationZ: 0
    SpawnType: 1
    SpawnArgument: 51
    Serial: 21
    Argument1: 0
    Argument2: 0
    ReactionCommand: 0
    SpawnDelay: 0
    Command: 0
    SpawnRange: 0
    Level: 0
    Medal: 0
  - ObjectId: 568
    PositionX: -901.32861328125
    PositionY: 0.00011769920092774555
    PositionZ: -220.01289367675781
    RotationX: 0
    RotationY: -1.5707963705062866
    RotationZ: 0
    SpawnType: 1
    SpawnArgument: 51
    Serial: 22
    Argument1: 0
    Argument2: 0
    ReactionCommand: 0
    SpawnDelay: 0
    Command: 0
    SpawnRange: 0
    Level: 0
    Medal: 0
  EventActivators: []
  WalkPath: []
  ReturnParameters: []
  Signals: []
