- Type: 2
  Flag: 0
  Id: 51
  Teleport:
    Place: 0
    Door: 0
    World: 0
    Unknown: 0
  Unk20: 0
  Unk24: 0
  Entities:
  - ObjectId: 314
    PositionX: -428.9849853515625
    PositionY: -149.99989318847656
    PositionZ: 22.909690856933594
    RotationX: 0
    RotationY: 1.5707963705062866
    RotationZ: 0
    SpawnType: 2
    SpawnArgument: 0
    Serial: 11
    Argument1: 0
    Argument2: 0
    ReactionCommand: 0
    SpawnDelay: 15
    Command: 0
    SpawnRange: 0
    Level: 0
    Medal: 0
  - ObjectId: 314
    PositionX: -178.98500061035156
    PositionY: -150.29989624023438
    PositionZ: 272.90969848632812
    RotationX: 0
    RotationY: 1.5707963705062866
    RotationZ: 0
    SpawnType: 2
    SpawnArgument: 0
    Serial: 12
    Argument1: 0
    Argument2: 0
    ReactionCommand: 0
    SpawnDelay: 15
    Command: 0
    SpawnRange: 0
    Level: 0
    Medal: 0
  - ObjectId: 314
    PositionX: -178.98500061035156
    PositionY: -150.30029296875
    PositionZ: -227.09030151367188
    RotationX: 0
    RotationY: 1.5707963705062866
    RotationZ: 0
    SpawnType: 2
    SpawnArgument: 0
    Serial: 13
    Argument1: 0
    Argument2: 0
    ReactionCommand: 0
    SpawnDelay: 15
    Command: 0
    SpawnRange: 0
    Level: 0
    Medal: 0
  EventActivators:
  - Shape: 0
    Option: 0
    PositionX: -215.72520446777344
    PositionY: -125
    PositionZ: 9.2774114608764648
    ScaleX: 963.28948974609375
    ScaleY: 175
    ScaleZ: 582.84747314453125
    RotationX: 0
    RotationY: 1.5707964897155762
    RotationZ: 0
    Flags: 0
    Type: 0
    OnBgGroup: 0
    OffBgGroup: 0
  WalkPath: []
  ReturnParameters: []
  Signals: []
