- Type: 1
  Flag: 0
  Id: 73
  Teleport:
    Place: 0
    Door: 0
    World: 0
    Unknown: 0
  Unk20: 0
  Unk24: 0
  Entities:
  - ObjectId: 566
    PositionX: 177.78010559082031
    PositionY: -100
    PositionZ: -193.82890319824219
    RotationX: 0
    RotationY: 1.5707963705062866
    RotationZ: 0
    SpawnType: 1
    SpawnArgument: 50
    Serial: 10
    Argument1: 0
    Argument2: 0
    ReactionCommand: 0
    SpawnDelay: 0
    Command: 0
    SpawnRange: 0
    Level: 0
    Medal: 0
  - ObjectId: 567
    PositionX: 77.78009033203125
    PositionY: -100
    PositionZ: -93.828857421875
    RotationX: 0
    RotationY: 1.5707963705062866
    RotationZ: 0
    SpawnType: 1
    SpawnArgument: 50
    Serial: 11
    Argument1: 0
    Argument2: 0
    ReactionCommand: 0
    SpawnDelay: 0
    Command: 0
    SpawnRange: 0
    Level: 0
    Medal: 0
  - ObjectId: 568
    PositionX: 77.780113220214844
    PositionY: -100
    PositionZ: -293.82888793945312
    RotationX: 0
    RotationY: 1.5707963705062866
    RotationZ: 0
    SpawnType: 1
    SpawnArgument: 50
    Serial: 12
    Argument1: 0
    Argument2: 0
    ReactionCommand: 0
    SpawnDelay: 0
    Command: 0
    SpawnRange: 0
    Level: 0
    Medal: 0
  EventActivators: []
  WalkPath: []
  ReturnParameters: []
  Signals: []
