- Type: 1
  Flag: 0
  Id: 109
  Teleport:
    Place: 0
    Door: 0
    World: 0
    Unknown: 0
  Unk20: 0
  Unk24: 0
  Entities:
  - ObjectId: 566
    PositionX: 411.86090087890625
    PositionY: 3.140583066851832E-05
    PositionZ: -2321.73388671875
    RotationX: 0
    RotationY: -2.268928050994873
    RotationZ: 0
    SpawnType: 1
    SpawnArgument: 51
    Serial: 28
    Argument1: 0
    Argument2: 0
    ReactionCommand: 0
    SpawnDelay: 0
    Command: 0
    SpawnRange: 0
    Level: 0
    Medal: 0
  - ObjectId: 567
    PositionX: 424.18661499023438
    PositionY: 3.5776971344603226E-05
    PositionZ: -2462.616943359375
    RotationX: 0
    RotationY: -2.268928050994873
    RotationZ: 0
    SpawnType: 1
    SpawnArgument: 51
    Serial: 29
    Argument1: 0
    Argument2: 0
    ReactionCommand: 0
    SpawnDelay: 0
    Command: 0
    SpawnRange: 0
    Level: 0
    Medal: 0
  - ObjectId: 568
    PositionX: 552.74407958984375
    PositionY: 3.5776971344603226E-05
    PositionZ: -2309.407958984375
    RotationX: 0
    RotationY: -2.268928050994873
    RotationZ: 0
    SpawnType: 1
    SpawnArgument: 51
    Serial: 30
    Argument1: 0
    Argument2: 0
    ReactionCommand: 0
    SpawnDelay: 0
    Command: 0
    SpawnRange: 0
    Level: 0
    Medal: 0
  EventActivators: []
  WalkPath: []
  ReturnParameters: []
  Signals: []
