- Type: 2
  Flag: 0
  Id: 48
  Teleport:
    Place: 0
    Door: 0
    World: 15
    Unknown: 0
  Unk20: 0
  Unk24: 0
  Entities:
  - ObjectId: 1107
    PositionX: 527
    PositionY: -840
    PositionZ: 360
    RotationX: 0
    RotationY: -1.5707963705062866
    RotationZ: 0
    SpawnType: 2
    SpawnArgument: 0
    Serial: 43
    Argument1: 90
    Argument2: 0
    ReactionCommand: 0
    SpawnDelay: 180
    Command: 0
    SpawnRange: 0
    Level: 0
    Medal: 0
  - ObjectId: 304
    PositionX: 169.36500549316406
    PositionY: -840
    PositionZ: 50.009891510009766
    RotationX: 0
    RotationY: -2.959949254989624
    RotationZ: 0
    SpawnType: 2
    SpawnArgument: 0
    Serial: 40
    Argument1: 90
    Argument2: 0
    ReactionCommand: 0
    SpawnDelay: 10
    Command: 0
    SpawnRange: 0
    Level: 0
    Medal: 0
  - ObjectId: 304
    PositionX: -116.50839996337891
    PositionY: -1000
    PositionZ: -23.807580947875977
    RotationX: 0
    RotationY: -2.959949254989624
    RotationZ: 0
    SpawnType: 2
    SpawnArgument: 0
    Serial: 41
    Argument1: 90
    Argument2: 0
    ReactionCommand: 0
    SpawnDelay: 10
    Command: 0
    SpawnRange: 0
    Level: 0
    Medal: 0
  - ObjectId: 304
    PositionX: -228.15640258789062
    PositionY: -840
    PositionZ: 47.941860198974609
    RotationX: 0
    RotationY: -2.959949254989624
    RotationZ: 0
    SpawnType: 2
    SpawnArgument: 0
    Serial: 42
    Argument1: 90
    Argument2: 0
    ReactionCommand: 0
    SpawnDelay: 20
    Command: 0
    SpawnRange: 0
    Level: 0
    Medal: 0
  - ObjectId: 1107
    PositionX: -526.99432373046875
    PositionY: -840
    PositionZ: 360.88418579101562
    RotationX: 0
    RotationY: 1.5707963705062866
    RotationZ: 0
    SpawnType: 2
    SpawnArgument: 0
    Serial: 39
    Argument1: 90
    Argument2: 0
    ReactionCommand: 0
    SpawnDelay: 120
    Command: 0
    SpawnRange: 0
    Level: 0
    Medal: 0
  - ObjectId: 1107
    PositionX: 516
    PositionY: -840
    PositionZ: 860
    RotationX: 0
    RotationY: -1.5707963705062866
    RotationZ: 0
    SpawnType: 2
    SpawnArgument: 0
    Serial: 22
    Argument1: 90
    Argument2: 0
    ReactionCommand: 0
    SpawnDelay: 15
    Command: 0
    SpawnRange: 0
    Level: 0
    Medal: 0
  EventActivators:
  - Shape: 2
    Option: 0
    PositionX: -1369.550048828125
    PositionY: -1100
    PositionZ: 703.25
    ScaleX: 192.24099731445312
    ScaleY: 100
    ScaleZ: 321.78298950195312
    RotationX: 0
    RotationY: 1.7781414985656738
    RotationZ: 0
    Flags: 0
    Type: 0
    OnBgGroup: 0
    OffBgGroup: 0
  WalkPath: []
  ReturnParameters: []
  Signals: []
