- Type: 2
  Flag: 0
  Id: 139
  Teleport:
    Place: 0
    Door: 0
    World: 15
    Unknown: 0
  Unk20: 0
  Unk24: 0
  Entities:
  - ObjectId: 122
    PositionX: -37.357990264892578
    PositionY: -649.177001953125
    PositionZ: 402.11300659179688
    RotationX: 0
    RotationY: 3.1415927410125732
    RotationZ: 0
    SpawnType: 2
    SpawnArgument: 0
    Serial: 46
    Argument1: 0
    Argument2: 0
    ReactionCommand: 0
    SpawnDelay: 15
    Command: 0
    SpawnRange: 0
    Level: 0
    Medal: 0
  - ObjectId: 120
    PositionX: -37.358009338378906
    PositionY: -649.177001953125
    PositionZ: 602.11297607421875
    RotationX: 0
    RotationY: 3.1415927410125732
    RotationZ: 0
    SpawnType: 2
    SpawnArgument: 0
    Serial: 47
    Argument1: 0
    Argument2: 0
    ReactionCommand: 0
    SpawnDelay: 15
    Command: 0
    SpawnRange: 0
    Level: 0
    Medal: 0
  - ObjectId: 120
    PositionX: 412.64199829101562
    PositionY: -649.177001953125
    PositionZ: 452.11300659179688
    RotationX: 0
    RotationY: 3.1415927410125732
    RotationZ: 0
    SpawnType: 2
    SpawnArgument: 0
    Serial: 49
    Argument1: 0
    Argument2: 0
    ReactionCommand: 0
    SpawnDelay: 15
    Command: 0
    SpawnRange: 0
    Level: 0
    Medal: 0
  - ObjectId: 120
    PositionX: -437.35800170898438
    PositionY: -649.177001953125
    PositionZ: 402.1129150390625
    RotationX: 0
    RotationY: 3.1415927410125732
    RotationZ: 0
    SpawnType: 2
    SpawnArgument: 0
    Serial: 50
    Argument1: 0
    Argument2: 0
    ReactionCommand: 0
    SpawnDelay: 90
    Command: 0
    SpawnRange: 0
    Level: 0
    Medal: 0
  EventActivators:
  - Shape: 2
    Option: 0
    PositionX: -1369.550048828125
    PositionY: -1100
    PositionZ: 703.25
    ScaleX: 192.24099731445312
    ScaleY: 100
    ScaleZ: 321.78298950195312
    RotationX: 0
    RotationY: 1.7781414985656738
    RotationZ: 0
    Flags: 0
    Type: 0
    OnBgGroup: 0
    OffBgGroup: 0
  WalkPath: []
  ReturnParameters: []
  Signals: []
