- Type: 1
  Flag: 0
  Id: 30
  Teleport:
    Place: 0
    Door: 0
    World: 0
    Unknown: 0
  Unk20: 0
  Unk24: 0
  Entities:
  - ObjectId: 566
    PositionX: 208.66189575195312
    PositionY: -243.25059509277344
    PositionZ: 215.88369750976562
    RotationX: 0
    RotationY: 0.78539818525314331
    RotationZ: 0
    SpawnType: 1
    SpawnArgument: 50
    Serial: 9
    Argument1: 0
    Argument2: 0
    ReactionCommand: 0
    SpawnDelay: 0
    Command: 0
    SpawnRange: 0
    Level: 0
    Medal: 0
  - ObjectId: 567
    PositionX: 158.66189575195312
    PositionY: -192.63909912109375
    PositionZ: 365.88369750976562
    RotationX: 0
    RotationY: 0.78539818525314331
    RotationZ: 0
    SpawnType: 1
    SpawnArgument: 50
    Serial: 10
    Argument1: 0
    Argument2: 0
    ReactionCommand: 0
    SpawnDelay: 0
    Command: 0
    SpawnRange: 0
    Level: 0
    Medal: 0
  - ObjectId: 568
    PositionX: 58.661899566650391
    PositionY: -252.3970947265625
    PositionZ: 265.88369750976562
    RotationX: 0
    RotationY: 0.78539818525314331
    RotationZ: 0
    SpawnType: 1
    SpawnArgument: 50
    Serial: 11
    Argument1: 0
    Argument2: 0
    ReactionCommand: 0
    SpawnDelay: 0
    Command: 0
    SpawnRange: 0
    Level: 0
    Medal: 0
  EventActivators: []
  WalkPath: []
  ReturnParameters: []
  Signals: []
