- Type: 10
  Flag: 0
  Id: 1480
  Teleport:
    Place: 0
    Door: 0
    World: 0
    Unknown: 0
  Unk20: 0
  Unk24: 0
  Entities: []
  EventActivators:
  - Shape: 0
    Option: 0
    PositionX: -166.70849609375
    PositionY: -161.15150451660156
    PositionZ: 694.6185302734375
    ScaleX: 2378.375
    ScaleY: 322.30300903320312
    ScaleZ: 1500.375
    RotationX: 0
    RotationY: 0
    RotationZ: 0
    Flags: 0
    Type: 0
    OnBgGroup: 0
    OffBgGroup: 0
  WalkPath:
  - Serial: 110
    Flag: 2
    Id: 0
    Positions:
    - X: 1700.0009765625
      Y: 120
      Z: 1725
    - X: 1400.0001220703125
      Y: -0
      Z: 1725
    - X: -1100
      Y: -0
      Z: 1725
    - X: -1100
      Y: -0
      Z: 725
    - X: 0
      Y: -0
      Z: 725
    - X: 0
      Y: -0
      Z: 275
    - X: -1750
      Y: -0
      Z: 275
    - X: -1750
      Y: -0.51579999923706055
      Z: -300
    - X: -2050
      Y: 120
      Z: -300
  ReturnParameters:
  - Id: 0
    Type: 0
    Rate: 0
    EntryType: 0
    Argument04: 0
    Argument08: 0
    Argument0c: 0
  - Id: 0
    Type: 0
    Rate: 0
    EntryType: 0
    Argument04: 0
    Argument08: 0
    Argument0c: 0
  - Id: 0
    Type: 0
    Rate: 0
    EntryType: 0
    Argument04: 0
    Argument08: 0
    Argument0c: 0
  Signals: []
