- Type: 2
  Flag: 0
  Id: 94
  Teleport:
    Place: 0
    Door: 0
    World: 15
    Unknown: 0
  Unk20: 0
  Unk24: 0
  Entities:
  - ObjectId: 1109
    PositionX: -527.951171875
    PositionY: -925
    PositionZ: -350.51239013671875
    RotationX: 0
    RotationY: 1.5707963705062866
    RotationZ: 0
    SpawnType: 2
    SpawnArgument: 0
    Serial: 32
    Argument1: 92
    Argument2: 0
    ReactionCommand: 0
    SpawnDelay: 15
    Command: 0
    SpawnRange: 0
    Level: 0
    Medal: 0
  - ObjectId: 1108
    PositionX: -160.00010681152344
    PositionY: -110
    PositionZ: 1500
    RotationX: 0
    RotationY: 0
    RotationZ: 0
    SpawnType: 2
    SpawnArgument: 0
    Serial: 33
    Argument1: 93
    Argument2: 0
    ReactionCommand: 0
    SpawnDelay: 15
    Command: 0
    SpawnRange: 0
    Level: 0
    Medal: 0
  - ObjectId: 1107
    PositionX: 699.9998779296875
    PositionY: -152
    PositionZ: 850.0001220703125
    RotationX: 0
    RotationY: -1.0471975803375244
    RotationZ: 0
    SpawnType: 2
    SpawnArgument: 0
    Serial: 37
    Argument1: 91
    Argument2: 0
    ReactionCommand: 0
    SpawnDelay: 15
    Command: 0
    SpawnRange: 0
    Level: 0
    Medal: 0
  - ObjectId: 1108
    PositionX: -380.01528930664062
    PositionY: -935
    PositionZ: 274.8765869140625
    RotationX: 0
    RotationY: 1.2217304706573486
    RotationZ: 0
    SpawnType: 2
    SpawnArgument: 0
    Serial: 42
    Argument1: 92
    Argument2: 0
    ReactionCommand: 0
    SpawnDelay: 15
    Command: 0
    SpawnRange: 0
    Level: 0
    Medal: 0
  - ObjectId: 1107
    PositionX: 530
    PositionY: -152
    PositionZ: -469.99990844726562
    RotationX: 0
    RotationY: -1.7453292608261108
    RotationZ: 0
    SpawnType: 2
    SpawnArgument: 0
    Serial: 39
    Argument1: 91
    Argument2: 0
    ReactionCommand: 0
    SpawnDelay: 15
    Command: 0
    SpawnRange: 0
    Level: 0
    Medal: 0
  - ObjectId: 1109
    PositionX: 750
    PositionY: -152
    PositionZ: 530
    RotationX: 0
    RotationY: -1.3089969158172607
    RotationZ: 0
    SpawnType: 2
    SpawnArgument: 0
    Serial: 29
    Argument1: 91
    Argument2: 0
    ReactionCommand: 0
    SpawnDelay: 15
    Command: 0
    SpawnRange: 0
    Level: 0
    Medal: 0
  EventActivators:
  - Shape: 1
    Option: 0
    PositionX: -121.30629730224609
    PositionY: -200.83242797851562
    PositionZ: 175.84970092773438
    ScaleX: 1199.31005859375
    ScaleY: 300
    ScaleZ: 1260.875
    RotationX: 0
    RotationY: 0
    RotationZ: 0
    Flags: 0
    Type: 0
    OnBgGroup: 0
    OffBgGroup: 0
  WalkPath: []
  ReturnParameters: []
  Signals: []
