- Type: 6
  Flag: 0
  Id: 769
  Teleport:
    Place: 0
    Door: 0
    World: 0
    Unknown: 0
  Unk20: 0
  Unk24: 0
  Entities:
  - ObjectId: 1871
    PositionX: -500.66668701171875
    PositionY: -1.4890239981468767E-05
    PositionZ: -889.28302001953125
    RotationX: 0
    RotationY: 2.5692276954650879
    RotationZ: 0
    SpawnType: 0
    SpawnArgument: 0
    Serial: 135
    Argument1: 0
    Argument2: 1
    ReactionCommand: 798
    SpawnDelay: 0
    Command: 633
    SpawnRange: 0
    Level: 0
    Medal: 0
  EventActivators: []
  WalkPath: []
  ReturnParameters:
  - Id: 0
    Type: 0
    Rate: 0
    EntryType: 4
    Argument04: 0
    Argument08: 0
    Argument0c: 0
  Signals: []
