- Type: 6
  Flag: 0
  Id: 370
  Teleport:
    Place: 0
    Door: 0
    World: 0
    Unknown: 0
  Unk20: 0
  Unk24: 0
  Entities:
  - ObjectId: 1101
    PositionX: 899.74188232421875
    PositionY: -6.2076837821223307E-06
    PositionZ: -682.086181640625
    RotationX: 0
    RotationY: -2.8161830902099609
    RotationZ: 0
    SpawnType: 0
    SpawnArgument: 0
    Serial: 110
    Argument1: 0
    Argument2: 0
    ReactionCommand: 369
    SpawnDelay: 0
    Command: 31
    SpawnRange: 0
    Level: 0
    Medal: 0
  EventActivators:
  - Shape: 0
    Option: 1
    PositionX: 627.5380859375
    PositionY: -100
    PositionZ: -788.60052490234375
    ScaleX: 69.34100341796875
    ScaleY: 100
    ScaleZ: 32.689399719238281
    RotationX: 0
    RotationY: 0.27973562479019165
    RotationZ: 0
    Flags: 0
    Type: 0
    OnBgGroup: 0
    OffBgGroup: 0
  - Shape: 0
    Option: 2
    PositionX: 690.38037109375
    PositionY: -100
    PositionZ: -513.33502197265625
    ScaleX: 66.576499938964844
    ScaleY: 100
    ScaleZ: 32.689399719238281
    RotationX: 0
    RotationY: -0.24383662641048431
    RotationZ: 0
    Flags: 0
    Type: 0
    OnBgGroup: 0
    OffBgGroup: 0
  - Shape: 0
    Option: 3
    PositionX: 935.61090087890625
    PositionY: -100
    PositionZ: -820.2991943359375
    ScaleX: 64.38800048828125
    ScaleY: 100
    ScaleZ: 30.708200454711914
    RotationX: 0
    RotationY: 0.080184407532215118
    RotationZ: 0
    Flags: 0
    Type: 0
    OnBgGroup: 0
    OffBgGroup: 0
  WalkPath:
  - Serial: 119
    Flag: 1
    Id: 0
    Positions:
    - X: 506.6864013671875
      Y: -2.4586810468463227E-05
      Z: -787.60980224609375
    - X: 556.2158203125
      Y: -10.000011444091797
      Z: -704.40045166015625
    - X: 776.126220703125
      Y: -10.000001907348633
      Z: -591.473388671875
    - X: 675.0863037109375
      Y: -10.000002861022949
      Z: -510.24520874023438
    - X: 572.05084228515625
      Y: -10.000015258789062
      Z: -592.1527099609375
    - X: 847.4486083984375
      Y: -10.000008583068848
      Z: -799.49688720703125
    - X: 988.11212158203125
      Y: -17.921073913574219
      Z: -813.3651123046875
    - X: 974.3502197265625
      Y: -17.95599365234375
      Z: -675.21142578125
    - X: 612.36187744140625
      Y: -10.00001335144043
      Z: -795.55194091796875
  ReturnParameters:
  - Id: 1
    Type: 4
    Rate: 40
    EntryType: 2
    Argument04: 0
    Argument08: 0
    Argument0c: 0
  - Id: 1
    Type: 0
    Rate: 10
    EntryType: 0
    Argument04: 0
    Argument08: 0
    Argument0c: 0
  - Id: 1
    Type: 3
    Rate: 30
    EntryType: 0
    Argument04: 0
    Argument08: 0
    Argument0c: 0
  - Id: 2
    Type: 4
    Rate: 40
    EntryType: 2
    Argument04: 0
    Argument08: 0
    Argument0c: 0
  - Id: 2
    Type: 0
    Rate: 10
    EntryType: 0
    Argument04: 0
    Argument08: 0
    Argument0c: 0
  - Id: 2
    Type: 3
    Rate: 30
    EntryType: 0
    Argument04: 0
    Argument08: 0
    Argument0c: 0
  - Id: 3
    Type: 4
    Rate: 30
    EntryType: 2
    Argument04: 0
    Argument08: 0
    Argument0c: 0
  - Id: 3
    Type: 0
    Rate: 10
    EntryType: 0
    Argument04: 0
    Argument08: 0
    Argument0c: 0
  - Id: 3
    Type: 3
    Rate: 40
    EntryType: 0
    Argument04: 0
    Argument08: 0
    Argument0c: 0
  Signals: []
