- Type: 6
  Flag: 0
  Id: 961
  Teleport:
    Place: 0
    Door: 0
    World: 0
    Unknown: 0
  Unk20: 0
  Unk24: 0
  Entities:
  - ObjectId: 1102
    PositionX: -2346.633056640625
    PositionY: -1.6235140719800256E-05
    PositionZ: -1601.3709716796875
    RotationX: 0
    RotationY: 0
    RotationZ: 0
    SpawnType: 0
    SpawnArgument: 0
    Serial: 143
    Argument1: 0
    Argument2: 0
    ReactionCommand: 804
    SpawnDelay: 0
    Command: 31
    SpawnRange: 0
    Level: 0
    Medal: 0
  EventActivators:
  - Shape: 0
    Option: 0
    PositionX: -2220.26708984375
    PositionY: -99.999961853027344
    PositionZ: -1381.6629638671875
    ScaleX: 217.64964294433594
    ScaleY: 99.999946594238281
    ScaleZ: 62.083400726318359
    RotationX: 0
    RotationY: -2.9029955863952637
    RotationZ: 0
    Flags: 0
    Type: 0
    OnBgGroup: 0
    OffBgGroup: 0
  - Shape: 0
    Option: 0
    PositionX: -2343.037109375
    PositionY: -99.999977111816406
    PositionZ: -1636.2869873046875
    ScaleX: 185.33500671386719
    ScaleY: 99.999946594238281
    ScaleZ: 62.083400726318359
    RotationX: 0
    RotationY: 2.8681223392486572
    RotationZ: 0
    Flags: 0
    Type: 0
    OnBgGroup: 0
    OffBgGroup: 0
  - Shape: 0
    Option: 1
    PositionX: -2287.260986328125
    PositionY: -99.999931335449219
    PositionZ: -1137.93701171875
    ScaleX: 154.22659301757812
    ScaleY: 99.999946594238281
    ScaleZ: 62.083499908447266
    RotationX: 0
    RotationY: 0.23399315774440765
    RotationZ: 0
    Flags: 0
    Type: 0
    OnBgGroup: 0
    OffBgGroup: 0
  WalkPath:
  - Serial: 144
    Flag: 1
    Id: 0
    Positions:
    - X: -2127.8779296875
      Y: -2.0519910322036594E-06
      Z: -1594.240966796875
    - X: -2272.61962890625
      Y: -2.7525851692189462E-05
      Z: -1668.329345703125
    - X: -2416.1640625
      Y: 4.3312379602866713E-06
      Z: -1637.68505859375
    - X: -2516.161376953125
      Y: 9.9712688097497448E-06
      Z: -1508.65625
    - X: -2461.32421875
      Y: -1.6175290511455387E-05
      Z: -1408.6590576171875
    - X: -2311.777587890625
      Y: -1.7349211702821776E-05
      Z: -1404.682861328125
    - X: -1987.1435546875
      Y: -1.1592771443247329E-05
      Z: -1303.8232421875
    - X: -1991.982177734375
      Y: -2.359319114475511E-05
      Z: -1403.8203125
    - X: -2294.80224609375
      Y: -2.3038010112941265E-05
      Z: -1534.8272705078125
    - X: -2357.045166015625
      Y: 1.2065458577126265E-05
      Z: -1348.0985107421875
    - X: -2062.947998046875
      Y: -6.8880522121617105E-06
      Z: -1263.501708984375
    - X: -2079.076416015625
      Y: -1.3890262380300555E-06
      Z: -1137.6986083984375
    - X: -2444.751220703125
      Y: 2.0520490124908974E-06
      Z: -1234.929443359375
  ReturnParameters:
  - Id: 0
    Type: 0
    Rate: 0
    EntryType: 0
    Argument04: 0
    Argument08: 0
    Argument0c: 0
  - Id: 1
    Type: 0
    Rate: 15
    EntryType: 0
    Argument04: 0
    Argument08: 0
    Argument0c: 0
  - Id: 1
    Type: 0
    Rate: 15
    EntryType: 1
    Argument04: 1871
    Argument08: 0
    Argument0c: 0
  - Id: 1
    Type: 3
    Rate: 30
    EntryType: 0
    Argument04: 0
    Argument08: 0
    Argument0c: 0
  Signals: []
