- Type: 6
  Flag: 0
  Id: 599
  Teleport:
    Place: 0
    Door: 0
    World: 0
    Unknown: 0
  Unk20: 0
  Unk24: 0
  Entities:
  - ObjectId: 1104
    PositionX: -995.8878173828125
    PositionY: -1.092847014660947E-05
    PositionZ: -905.70880126953125
    RotationX: 0
    RotationY: -2.5533764362335205
    RotationZ: 0
    SpawnType: 0
    SpawnArgument: 0
    Serial: 120
    Argument1: 0
    Argument2: 2
    ReactionCommand: 807
    SpawnDelay: 0
    Command: 31
    SpawnRange: 0
    Level: 0
    Medal: 0
  EventActivators:
  - Shape: 0
    Option: 0
    PositionX: -714.59857177734375
    PositionY: -100
    PositionZ: -730.1630859375
    ScaleX: 163.74740600585938
    ScaleY: 100
    ScaleZ: 31.008884429931641
    RotationX: 0
    RotationY: -3.0736713409423828
    RotationZ: 0
    Flags: 0
    Type: 0
    OnBgGroup: 0
    OffBgGroup: 0
  - Shape: 0
    Option: 1
    PositionX: -773.478515625
    PositionY: -99.999588012695312
    PositionZ: -593.72088623046875
    ScaleX: 169.39419555664062
    ScaleY: 99.999603271484375
    ScaleZ: 45.62628173828125
    RotationX: 0
    RotationY: -2.6563422679901123
    RotationZ: 0
    Flags: 0
    Type: 0
    OnBgGroup: 0
    OffBgGroup: 0
  WalkPath:
  - Serial: 150
    Flag: 1
    Id: 0
    Positions:
    - X: -1019.1680297851562
      Y: 1.0779500371427275E-05
      Z: -945.64337158203125
    - X: -964.01983642578125
      Y: -10.000009536743164
      Z: -846.1666259765625
    - X: -889.31451416015625
      Y: -10.000009536743164
      Z: -762.6724853515625
    - X: -779.45379638671875
      Y: -10.000009536743164
      Z: -723.12261962890625
    - X: -704.74859619140625
      Y: -10.000009536743164
      Z: -724.2213134765625
    - X: -585.4176025390625
      Y: -10.000009536743164
      Z: -739.34747314453125
    - X: -529.87640380859375
      Y: -10.000009536743164
      Z: -649.423583984375
    - X: -572.1934814453125
      Y: -9.9999990463256836
      Z: -562.14459228515625
    - X: -756.1593017578125
      Y: -9.9999990463256836
      Z: -564.42852783203125
    - X: -923.22100830078125
      Y: -10.000009536743164
      Z: -662.834716796875
    - X: -916.35540771484375
      Y: -10.000009536743164
      Z: -736.06732177734375
    - X: -664.61859130859375
      Y: -10.000009536743164
      Z: -644.526611328125
    - X: -733.27410888671875
      Y: -10.000009536743164
      Z: -585.02520751953125
    - X: -966.70281982421875
      Y: -10.000009536743164
      Z: -740.644287109375
    - X: -1067.3974609375
      Y: -10.000019073486328
      Z: -891.6864013671875
  ReturnParameters:
  - Id: 0
    Type: 0
    Rate: 0
    EntryType: 0
    Argument04: 0
    Argument08: 0
    Argument0c: 0
  - Id: 1
    Type: 0
    Rate: 20
    EntryType: 0
    Argument04: 0
    Argument08: 0
    Argument0c: 0
  - Id: 1
    Type: 4
    Rate: 20
    EntryType: 2
    Argument04: 0
    Argument08: 0
    Argument0c: 0
  - Id: 1
    Type: 3
    Rate: 30
    EntryType: 0
    Argument04: 0
    Argument08: 0
    Argument0c: 0
  Signals: []
