- Type: 6
  Flag: 0
  Id: 238
  Teleport:
    Place: 0
    Door: 0
    World: 0
    Unknown: 0
  Unk20: 0
  Unk24: 0
  Entities:
  - ObjectId: 1105
    PositionX: -1394.5179443359375
    PositionY: 1.0488380212336779E-05
    PositionZ: -824.166015625
    RotationX: 0
    RotationY: -3.1306424140930176
    RotationZ: 0
    SpawnType: 0
    SpawnArgument: 0
    Serial: 103
    Argument1: 0
    Argument2: 0
    ReactionCommand: 228
    SpawnDelay: 0
    Command: 31
    SpawnRange: 0
    Level: 0
    Medal: 0
  EventActivators:
  - Shape: 0
    Option: 1
    PositionX: -1440.8349609375
    PositionY: -100
    PositionZ: -1034.56298828125
    ScaleX: 123.82450103759766
    ScaleY: 100
    ScaleZ: 31.555950164794922
    RotationX: 0
    RotationY: 0.048049908131361008
    RotationZ: 0
    Flags: 0
    Type: 0
    OnBgGroup: 0
    OffBgGroup: 0
  WalkPath:
  - Serial: 127
    Flag: 1
    Id: 0
    Positions:
    - X: -1542.376953125
      Y: -7.7959857662790455E-06
      Z: -942.97027587890625
    - X: -1217.4874267578125
      Y: -10.000007629394531
      Z: -937.4212646484375
    - X: -1275.964111328125
      Y: -9.9999866485595703
      Z: -1015.7581787109375
    - X: -1549.5914306640625
      Y: -9.9999885559082031
      Z: -1028.998291015625
    - X: -1597.2989501953125
      Y: -9.9999837875366211
      Z: -1026.1053466796875
    - X: -1614.8927001953125
      Y: -10.000007629394531
      Z: -968.9256591796875
    - X: -1537.767578125
      Y: -10.000007629394531
      Z: -940.96435546875
    - X: -1467.955322265625
      Y: -10.000007629394531
      Z: -1010.7767944335938
    - X: -1399.6807861328125
      Y: -10.000007629394531
      Z: -1047.109375
    - X: -1289.1568603515625
      Y: -9.9999837875366211
      Z: -970.07763671875
    - X: -1247.2186279296875
      Y: -10.000007629394531
      Z: -834.9058837890625
    - X: -1288.7947998046875
      Y: -10
      Z: -778.48089599609375
    - X: -1367.4930419921875
      Y: -10.000000953674316
      Z: -794.81439208984375
    - X: -1423.125244140625
      Y: -10.000005722045898
      Z: -888.02203369140625
    - X: -1425.40283203125
      Y: -10.000006675720215
      Z: -972.998779296875
    - X: -1471.4337158203125
      Y: -10.000018119812012
      Z: -958.1500244140625
    - X: -1478.8580322265625
      Y: -10.000002861022949
      Z: -891.3309326171875
    - X: -1526.3739013671875
      Y: -10.000001907348633
      Z: -858.663818359375
    - X: -1598.3948974609375
      Y: -10.000005722045898
      Z: -900.13299560546875
  ReturnParameters:
  - Id: 0
    Type: 8
    Rate: 0
    EntryType: 1
    Argument04: 1104
    Argument08: 0
    Argument0c: 0
  - Id: 1
    Type: 4
    Rate: 40
    EntryType: 3
    Argument04: -991937577
    Argument08: 903782827
    Argument0c: -997176918
  - Id: 1
    Type: 0
    Rate: 10
    EntryType: 0
    Argument04: 0
    Argument08: 0
    Argument0c: 0
  - Id: 1
    Type: 3
    Rate: 40
    EntryType: 0
    Argument04: 0
    Argument08: 0
    Argument0c: 0
  Signals: []
