- Type: 6
  Flag: 0
  Id: 260
  Teleport:
    Place: 0
    Door: 0
    World: 0
    Unknown: 0
  Unk20: 0
  Unk24: 0
  Entities:
  - ObjectId: 1105
    PositionX: -1205.1070556640625
    PositionY: 7.6273531703918707E-06
    PositionZ: -1017.7559814453125
    RotationX: 0
    RotationY: -3.0102705955505371
    RotationZ: 0
    SpawnType: 0
    SpawnArgument: 0
    Serial: 104
    Argument1: 0
    Argument2: 1
    ReactionCommand: 229
    SpawnDelay: 0
    Command: 234
    SpawnRange: 0
    Level: 0
    Medal: 0
  EventActivators: []
  WalkPath: []
  ReturnParameters:
  - Id: 0
    Type: 0
    Rate: 0
    EntryType: 4
    Argument04: 0
    Argument08: 0
    Argument0c: 0
  Signals: []
