- Type: 6
  Flag: 0
  Id: 1159
  Teleport:
    Place: 0
    Door: 0
    World: 0
    Unknown: 0
  Unk20: 0
  Unk24: 0
  Entities:
  - ObjectId: 1105
    PositionX: -900.034423828125
    PositionY: 7.6273531703918707E-06
    PositionZ: -478.15310668945312
    RotationX: 0
    RotationY: -3.1306424140930176
    RotationZ: 0
    SpawnType: 0
    SpawnArgument: 0
    Serial: 151
    Argument1: 0
    Argument2: 0
    ReactionCommand: 811
    SpawnDelay: 0
    Command: 31
    SpawnRange: 0
    Level: 0
    Medal: 0
  EventActivators:
  - Shape: 0
    Option: 1
    PositionX: -958.23052978515625
    PositionY: -100
    PositionZ: -744.97491455078125
    ScaleX: 123.82450103759766
    ScaleY: 100
    ScaleZ: 31.555950164794922
    RotationX: 0
    RotationY: 0.048049908131361008
    RotationZ: 0
    Flags: 0
    Type: 0
    OnBgGroup: 0
    OffBgGroup: 0
  - Shape: 0
    Option: 1
    PositionX: -935.2454833984375
    PositionY: -100
    PositionZ: -607.21307373046875
    ScaleX: 123.82450103759766
    ScaleY: 100
    ScaleZ: 31.555950164794922
    RotationX: 0
    RotationY: 0.048049908131361008
    RotationZ: 0
    Flags: 0
    Type: 0
    OnBgGroup: 0
    OffBgGroup: 0
  WalkPath:
  - Serial: 152
    Flag: 1
    Id: 0
    Positions:
    - X: -1076.625
      Y: -1.2262000382179394E-05
      Z: -612.78387451171875
    - X: -768.1331787109375
      Y: -10.000012397766113
      Z: -612.365234375
    - X: -802.09588623046875
      Y: -9.9999895095825195
      Z: -699.73272705078125
    - X: -1063.958740234375
      Y: -9.9999914169311523
      Z: -737.797607421875
    - X: -1183.6593017578125
      Y: -9.9999885559082031
      Z: -745.861083984375
    - X: -1167.3251953125
      Y: -10.000012397766113
      Z: -660.23553466796875
    - X: -1052.1348876953125
      Y: -10.000012397766113
      Z: -649.763671875
    - X: -982.32257080078125
      Y: -10.000012397766113
      Z: -719.57611083984375
    - X: -914.048095703125
      Y: -10.000012397766113
      Z: -755.90869140625
    - X: -803.524169921875
      Y: -9.9999866485595703
      Z: -678.876953125
    - X: -746.58770751953125
      Y: -10.000009536743164
      Z: -524.8133544921875
    - X: -800.17498779296875
      Y: -10.000002861022949
      Z: -457.82919311523438
    - X: -902.3258056640625
      Y: -10.000003814697266
      Z: -489.64678955078125
    - X: -867.91351318359375
      Y: -10.000008583068848
      Z: -612.62884521484375
    - X: -918.5408935546875
      Y: -10.000012397766113
      Z: -652.910888671875
    - X: -971.627685546875
      Y: -10.000012397766113
      Z: -624.45062255859375
    - X: -999.146728515625
      Y: -10.000005722045898
      Z: -550.05718994140625
    - X: -1070.2657470703125
      Y: -10.000005722045898
      Z: -530.30194091796875
    - X: -1125.5804443359375
      Y: -10.000006675720215
      Z: -579.69012451171875
  ReturnParameters:
  - Id: 0
    Type: 8
    Rate: 0
    EntryType: 1
    Argument04: 1104
    Argument08: 0
    Argument0c: 0
  - Id: 1
    Type: 4
    Rate: 30
    EntryType: 3
    Argument04: -997551137
    Argument08: 903782827
    Argument0c: -998714425
  - Id: 1
    Type: 0
    Rate: 10
    EntryType: 0
    Argument04: 0
    Argument08: 0
    Argument0c: 0
  - Id: 1
    Type: 3
    Rate: 40
    EntryType: 0
    Argument04: 0
    Argument08: 0
    Argument0c: 0
  Signals: []
