- Type: 2
  Flag: 0
  Id: 271
  Teleport:
    Place: 0
    Door: 0
    World: 0
    Unknown: 0
  Unk20: 0
  Unk24: 0
  Entities:
  - ObjectId: 120
    PositionX: 1048.6669921875
    PositionY: -40.939418792724609
    PositionZ: -72.790817260742188
    RotationX: 0
    RotationY: -0.11688468605279922
    RotationZ: 0
    SpawnType: 2
    SpawnArgument: 0
    Serial: 123
    Argument1: 0
    Argument2: 0
    ReactionCommand: 0
    SpawnDelay: 0
    Command: 0
    SpawnRange: 0
    Level: 1
    Medal: 0
  - ObjectId: 120
    PositionX: -560.72869873046875
    PositionY: -50.000400543212891
    PositionZ: -487.93789672851562
    RotationX: 0
    RotationY: -0.11688468605279922
    RotationZ: 0
    SpawnType: 2
    SpawnArgument: 0
    Serial: 124
    Argument1: 0
    Argument2: 0
    ReactionCommand: 0
    SpawnDelay: 0
    Command: 0
    SpawnRange: 0
    Level: 1
    Medal: 0
  - ObjectId: 120
    PositionX: -196.00750732421875
    PositionY: -143.93809509277344
    PositionZ: 1331.946044921875
    RotationX: 0
    RotationY: -0.11688468605279922
    RotationZ: 0
    SpawnType: 2
    SpawnArgument: 0
    Serial: 125
    Argument1: 0
    Argument2: 0
    ReactionCommand: 0
    SpawnDelay: 0
    Command: 0
    SpawnRange: 0
    Level: 1
    Medal: 0
  - ObjectId: 3
    PositionX: 116.81050109863281
    PositionY: -181.95050048828125
    PositionZ: 137.31460571289062
    RotationX: 0
    RotationY: -0.11688468605279922
    RotationZ: 0
    SpawnType: 2
    SpawnArgument: 0
    Serial: 126
    Argument1: 0
    Argument2: 0
    ReactionCommand: 0
    SpawnDelay: 0
    Command: 0
    SpawnRange: 0
    Level: 1
    Medal: 0
  - ObjectId: 3
    PositionX: 46.647491455078125
    PositionY: -200
    PositionZ: 397.27069091796875
    RotationX: 0
    RotationY: -0.11688468605279922
    RotationZ: 0
    SpawnType: 2
    SpawnArgument: 0
    Serial: 127
    Argument1: 0
    Argument2: 0
    ReactionCommand: 0
    SpawnDelay: 0
    Command: 0
    SpawnRange: 0
    Level: 1
    Medal: 0
  - ObjectId: 3
    PositionX: 388.42840576171875
    PositionY: -200
    PositionZ: 306.7952880859375
    RotationX: 0
    RotationY: -0.11688468605279922
    RotationZ: 0
    SpawnType: 2
    SpawnArgument: 0
    Serial: 128
    Argument1: 0
    Argument2: 0
    ReactionCommand: 0
    SpawnDelay: 0
    Command: 0
    SpawnRange: 0
    Level: 1
    Medal: 0
  EventActivators:
  - Shape: 1
    Option: 0
    PositionX: 50
    PositionY: -300
    PositionZ: 200
    ScaleX: 1500
    ScaleY: 300
    ScaleZ: 1500
    RotationX: 0
    RotationY: 0
    RotationZ: 0
    Flags: 0
    Type: 0
    OnBgGroup: 0
    OffBgGroup: 0
  WalkPath: []
  ReturnParameters: []
  Signals: []
