- Type: 2
  Flag: 0
  Id: 403
  Teleport:
    Place: 0
    Door: 0
    World: 0
    Unknown: 0
  Unk20: 0
  Unk24: 0
  Entities:
  - ObjectId: 1109
    PositionX: 136.04049682617188
    PositionY: -179.84390258789062
    PositionZ: 302.9132080078125
    RotationX: 0
    RotationY: -0.11688468605279922
    RotationZ: 0
    SpawnType: 1
    SpawnArgument: 0
    Serial: 137
    Argument1: 0
    Argument2: 0
    ReactionCommand: 0
    SpawnDelay: 0
    Command: 0
    SpawnRange: 0
    Level: 0
    Medal: 0
  EventActivators: []
  WalkPath: []
  ReturnParameters: []
  Signals: []
