- Type: 1
  Flag: 0
  Id: 25
  Teleport:
    Place: 10
    Door: 0
    World: 0
    Unknown: 0
  Unk20: 0
  Unk24: 0
  Entities:
  - ObjectId: 566
    PositionX: -140.64219665527344
    PositionY: -49.999900817871094
    PositionZ: -1370.18994140625
    RotationX: 0
    RotationY: 3.0543262958526611
    RotationZ: 0
    SpawnType: 1
    SpawnArgument: 0
    Serial: 2
    Argument1: 0
    Argument2: 0
    ReactionCommand: 0
    SpawnDelay: 0
    Command: 0
    SpawnRange: 0
    Level: 0
    Medal: 0
  - ObjectId: 567
    PositionX: -248.97720336914062
    PositionY: -49.999900817871094
    PositionZ: -1461.093994140625
    RotationX: 0
    RotationY: 3.0543262958526611
    RotationZ: 0
    SpawnType: 1
    SpawnArgument: 0
    Serial: 3
    Argument1: 0
    Argument2: 0
    ReactionCommand: 0
    SpawnDelay: 0
    Command: 0
    SpawnRange: 0
    Level: 0
    Medal: 0
  - ObjectId: 568
    PositionX: -49.738311767578125
    PositionY: -49.999900817871094
    PositionZ: -1478.5250244140625
    RotationX: 0
    RotationY: 3.0543262958526611
    RotationZ: 0
    SpawnType: 1
    SpawnArgument: 0
    Serial: 4
    Argument1: 0
    Argument2: 0
    ReactionCommand: 0
    SpawnDelay: 0
    Command: 0
    SpawnRange: 0
    Level: 0
    Medal: 0
  EventActivators: []
  WalkPath: []
  ReturnParameters: []
  Signals: []
