- Type: 1
  Flag: 0
  Id: 4
  Teleport:
    Place: 12
    Door: 1
    World: 2
    Unknown: 0
  Unk20: 0
  Unk24: 0
  Entities: []
  EventActivators:
  - Shape: 0
    Option: 0
    PositionX: 1654.2679443359375
    PositionY: -980.6357421875
    PositionZ: -11.97029972076416
    ScaleX: 50
    ScaleY: 1000
    ScaleZ: 271.97100830078125
    RotationX: 0
    RotationY: -3.1415927410125732
    RotationZ: 0
    Flags: 0
    Type: 0
    OnBgGroup: 0
    OffBgGroup: 0
  - Shape: 0
    Option: 1
    PositionX: 1800
    PositionY: -999.9996337890625
    PositionZ: -0
    ScaleX: 800
    ScaleY: 1000
    ScaleZ: 300
    RotationX: 0
    RotationY: -3.1415927410125732
    RotationZ: 0
    Flags: 0
    Type: 0
    OnBgGroup: 0
    OffBgGroup: 0
  WalkPath: []
  ReturnParameters: []
  Signals: []
