- Type: 6
  Flag: 0
  Id: 327
  Teleport:
    Place: 0
    Door: 0
    World: 0
    Unknown: 0
  Unk20: 0
  Unk24: 0
  Entities:
  - ObjectId: 2317
    PositionX: -1036.64794921875
    PositionY: -436.06631469726562
    PositionZ: -1331.3179931640625
    RotationX: 0
    RotationY: 1.4288442134857178
    RotationZ: 0
    SpawnType: 0
    SpawnArgument: 0
    Serial: 106
    Argument1: 0
    Argument2: 6
    ReactionCommand: 0
    SpawnDelay: 0
    Command: 0
    SpawnRange: 0
    Level: 0
    Medal: 0
  EventActivators:
  - Shape: 0
    Option: 1
    PositionX: 1532.3260498046875
    PositionY: -904.98492431640625
    PositionZ: 4047.843994140625
    ScaleX: 223.20054626464844
    ScaleY: 715.0145263671875
    ScaleZ: 642.93951416015625
    RotationX: 0
    RotationY: -1.5707963705062866
    RotationZ: 0
    Flags: 0
    Type: 0
    OnBgGroup: 0
    OffBgGroup: 0
  WalkPath:
  - Serial: 107
    Flag: 0
    Id: 0
    Positions:
    - X: -1058.5400390625
      Y: -500
      Z: -1360.5999755859375
    - X: -700.00360107421875
      Y: -531.35516357421875
      Z: -1024.8277587890625
    - X: -443.90609741210938
      Y: -495.17056274414062
      Z: -387.4298095703125
    - X: -113.82499694824219
      Y: -494.3016357421875
      Z: 28.017000198364258
    - X: 443.89801025390625
      Y: -392.52468872070312
      Z: -57.3489990234375
    - X: 785.36199951171875
      Y: -421.28814697265625
      Z: 84.928001403808594
    - X: 1155.280029296875
      Y: -511.68902587890625
      Z: 454.84600830078125
    - X: 1439.8330078125
      Y: -450.75949096679688
      Z: 1006.8790283203125
    - X: 1263.4100341796875
      Y: -457.3402099609375
      Z: 1479.2359619140625
    - X: 1303.248046875
      Y: -644.35491943359375
      Z: 2406.8779296875
    - X: 1434.1419677734375
      Y: -1061.48046875
      Z: 4495.494140625
    - X: 1570.72705078125
      Y: -1184.358154296875
      Z: 5366.22607421875
  ReturnParameters:
  - Id: 0
    Type: 0
    Rate: 0
    EntryType: 0
    Argument04: 0
    Argument08: 0
    Argument0c: 0
  - Id: 0
    Type: 0
    Rate: 0
    EntryType: 0
    Argument04: 0
    Argument08: 0
    Argument0c: 0
  - Id: 0
    Type: 0
    Rate: 0
    EntryType: 0
    Argument04: 0
    Argument08: 0
    Argument0c: 0
  - Id: 1
    Type: 1
    Rate: 100
    EntryType: 0
    Argument04: 0
    Argument08: 0
    Argument0c: 0
  Signals: []
