- Type: 6
  Flag: 0
  Id: 428
  Teleport:
    Place: 0
    Door: 0
    World: 0
    Unknown: 0
  Unk20: 0
  Unk24: 0
  Entities:
  - ObjectId: 1164
    PositionX: 1066.8370361328125
    PositionY: -1207.3409423828125
    PositionZ: -238.04100036621094
    RotationX: 0
    RotationY: -0.17153385281562805
    RotationZ: 0
    SpawnType: 0
    SpawnArgument: 0
    Serial: 75
    Argument1: 0
    Argument2: 0
    ReactionCommand: 240
    SpawnDelay: 0
    Command: 31
    SpawnRange: 0
    Level: 0
    Medal: 0
  EventActivators:
  - Shape: 0
    Option: 1
    PositionX: 1324.7049560546875
    PositionY: -1284.656982421875
    PositionZ: -300.77200317382812
    ScaleX: 80.602500915527344
    ScaleY: 100
    ScaleZ: 47.338699340820312
    RotationX: 0
    RotationY: 0.31891372799873352
    RotationZ: 0
    Flags: 0
    Type: 0
    OnBgGroup: 0
    OffBgGroup: 0
  - Shape: 0
    Option: 1
    PositionX: 1107.4959716796875
    PositionY: -1307.9969482421875
    PositionZ: -65.992889404296875
    ScaleX: 104.24199676513672
    ScaleY: 100
    ScaleZ: 47.338699340820312
    RotationX: 0
    RotationY: -0.72815448045730591
    RotationZ: 0
    Flags: 0
    Type: 0
    OnBgGroup: 0
    OffBgGroup: 0
  WalkPath:
  - Serial: 76
    Flag: 1
    Id: 0
    Positions:
    - X: 1066.9599609375
      Y: -1212.946044921875
      Z: -18.658720016479492
    - X: 953.52227783203125
      Y: -1220.635986328125
      Z: -81.194488525390625
    - X: 1056.8282470703125
      Y: -1209.3663330078125
      Z: -207.54472351074219
    - X: 1332.7757568359375
      Y: -1186.37255859375
      Z: -147.67172241210938
    - X: 1397.9234619140625
      Y: -1181.6260986328125
      Z: -246.16041564941406
    - X: 1284.501708984375
      Y: -1186.8702392578125
      Z: -311.64883422851562
    - X: 1195.6195068359375
      Y: -1198.55029296875
      Z: -160.29632568359375
  ReturnParameters:
  - Id: 1
    Type: 0
    Rate: 15
    EntryType: 3
    Argument04: 1153132601
    Argument08: -997034492
    Argument0c: 1108327575
  - Id: 1
    Type: 4
    Rate: 15
    EntryType: 0
    Argument04: 0
    Argument08: 0
    Argument0c: 0
  - Id: 1
    Type: 3
    Rate: 30
    EntryType: 0
    Argument04: 0
    Argument08: 0
    Argument0c: 0
  - Id: 2
    Type: 4
    Rate: 30
    EntryType: 0
    Argument04: 0
    Argument08: 0
    Argument0c: 0
  - Id: 2
    Type: 3
    Rate: 30
    EntryType: 0
    Argument04: 0
    Argument08: 0
    Argument0c: 0
  - Id: 3
    Type: 0
    Rate: 20
    EntryType: 3
    Argument04: 1153132601
    Argument08: -997034492
    Argument0c: 1108327575
  - Id: 3
    Type: 3
    Rate: 30
    EntryType: 0
    Argument04: 0
    Argument08: 0
    Argument0c: 0
  Signals: []
