- Type: 6
  Flag: 0
  Id: 135
  Teleport:
    Place: 0
    Door: 0
    World: 0
    Unknown: 0
  Unk20: 0
  Unk24: 0
  Entities:
  - ObjectId: 1164
    PositionX: 1192.4010009765625
    PositionY: -1108.02197265625
    PositionZ: 1458.6700439453125
    RotationX: 0
    RotationY: -0.17153385281562805
    RotationZ: 0
    SpawnType: 0
    SpawnArgument: 0
    Serial: 58
    Argument1: 0
    Argument2: 0
    ReactionCommand: 236
    SpawnDelay: 0
    Command: 31
    SpawnRange: 0
    Level: 0
    Medal: 0
  EventActivators:
  - Shape: 0
    Option: 2
    PositionX: 1014.197021484375
    PositionY: -1215.0479736328125
    PositionZ: 1597.4219970703125
    ScaleX: 113.86599731445312
    ScaleY: 100
    ScaleZ: 51.330501556396484
    RotationX: 0
    RotationY: -0.35485371947288513
    RotationZ: 0
    Flags: 0
    Type: 0
    OnBgGroup: 0
    OffBgGroup: 0
  - Shape: 0
    Option: 1
    PositionX: 1485.948974609375
    PositionY: -1210.8409423828125
    PositionZ: 1132.4940185546875
    ScaleX: 150.55499267578125
    ScaleY: 100
    ScaleZ: 55.594001770019531
    RotationX: 0
    RotationY: -1.6864688396453857
    RotationZ: 0
    Flags: 0
    Type: 0
    OnBgGroup: 0
    OffBgGroup: 0
  - Shape: 0
    Option: 3
    PositionX: 1257.68505859375
    PositionY: -1222.0489501953125
    PositionZ: 1255.4739990234375
    ScaleX: 80.602500915527344
    ScaleY: 100
    ScaleZ: 47.338699340820312
    RotationX: 0
    RotationY: 0.31891372799873352
    RotationZ: 0
    Flags: 0
    Type: 0
    OnBgGroup: 0
    OffBgGroup: 0
  WalkPath:
  - Serial: 70
    Flag: 1
    Id: 0
    Positions:
    - X: 1129.801025390625
      Y: -1109.407958984375
      Z: 1531.3330078125
    - X: 921.22650146484375
      Y: -1119.206787109375
      Z: 1624.0325927734375
    - X: 845.0802001953125
      Y: -1138.6083984375
      Z: 1488.293701171875
    - X: 1056.96533203125
      Y: -1132.35107421875
      Z: 1362.48681640625
    - X: 1315.5860595703125
      Y: -1104.964599609375
      Z: 1416.0411376953125
    - X: 1490.890380859375
      Y: -1099.344970703125
      Z: 1261.1859130859375
    - X: 1467.492919921875
      Y: -1126.390625
      Z: 981.75567626953125
    - X: 1305.2684326171875
      Y: -1136.9462890625
      Z: 1028.105712890625
    - X: 1381.41455078125
      Y: -1120.2230224609375
      Z: 1167.1552734375
    - X: 1341.68603515625
      Y: -1114.80908203125
      Z: 1279.71923828125
    - X: 1159.5972900390625
      Y: -1134.1478271484375
      Z: 1236.679931640625
  ReturnParameters:
  - Id: 1
    Type: 4
    Rate: 30
    EntryType: 3
    Argument04: 1156991328
    Argument08: -998003892
    Argument0c: 1154420949
  - Id: 1
    Type: 3
    Rate: 30
    EntryType: 0
    Argument04: 0
    Argument08: 0
    Argument0c: 0
  - Id: 2
    Type: 4
    Rate: 30
    EntryType: 3
    Argument04: 1156991328
    Argument08: -998003892
    Argument0c: 1154420949
  - Id: 2
    Type: 3
    Rate: 30
    EntryType: 0
    Argument04: 0
    Argument08: 0
    Argument0c: 0
  - Id: 3
    Type: 0
    Rate: 20
    EntryType: 0
    Argument04: 0
    Argument08: 0
    Argument0c: 0
  - Id: 3
    Type: 3
    Rate: 30
    EntryType: 0
    Argument04: 0
    Argument08: 0
    Argument0c: 0
  Signals: []
