- Type: 6
  Flag: 0
  Id: 694
  Teleport:
    Place: 0
    Door: 0
    World: 0
    Unknown: 0
  Unk20: 0
  Unk24: 0
  Entities:
  - ObjectId: 1164
    PositionX: -1498.43603515625
    PositionY: -1154.446044921875
    PositionZ: 747.1842041015625
    RotationX: 0
    RotationY: -0.17153385281562805
    RotationZ: 0
    SpawnType: 0
    SpawnArgument: 0
    Serial: 98
    Argument1: 0
    Argument2: 0
    ReactionCommand: 889
    SpawnDelay: 0
    Command: 31
    SpawnRange: 0
    Level: 0
    Medal: 0
  EventActivators:
  - Shape: 0
    Option: 1
    PositionX: -1221.6700439453125
    PositionY: -1279.89501953125
    PositionZ: 768.87591552734375
    ScaleX: 176.75344848632812
    ScaleY: 100
    ScaleZ: 47.338699340820312
    RotationX: 0
    RotationY: 0.57890301942825317
    RotationZ: 0
    Flags: 0
    Type: 0
    OnBgGroup: 0
    OffBgGroup: 0
  - Shape: 0
    Option: 1
    PositionX: -1591.5269775390625
    PositionY: -1228.4029541015625
    PositionZ: 973.246826171875
    ScaleX: 104.24199676513672
    ScaleY: 100
    ScaleZ: 47.338699340820312
    RotationX: 0
    RotationY: -1.3574934005737305
    RotationZ: 0
    Flags: 0
    Type: 0
    OnBgGroup: 0
    OffBgGroup: 0
  - Shape: 0
    Option: 1
    PositionX: -1170.2760009765625
    PositionY: -1249.0870361328125
    PositionZ: 1149.7919921875
    ScaleX: 104.24199676513672
    ScaleY: 100
    ScaleZ: 47.338699340820312
    RotationX: 0
    RotationY: -1.821998119354248
    RotationZ: 0
    Flags: 0
    Type: 0
    OnBgGroup: 0
    OffBgGroup: 0
  WalkPath:
  - Serial: 99
    Flag: 1
    Id: 0
    Positions:
    - X: -1648.135986328125
      Y: -1108.498046875
      Z: 1091.02001953125
    - X: -1792.765380859375
      Y: -1084.3590087890625
      Z: 1018.2716064453125
    - X: -1727.8232421875
      Y: -1119.8350830078125
      Z: 766.6939697265625
    - X: -1484.8353271484375
      Y: -1157.968994140625
      Z: 706.5833740234375
    - X: -1145.1798095703125
      Y: -1175.2852783203125
      Z: 919.481689453125
    - X: -1060.7916259765625
      Y: -1181.2520751953125
      Z: 932.52838134765625
    - X: -1095.9168701171875
      Y: -1185.4803466796875
      Z: 851.185791015625
    - X: -1404.7926025390625
      Y: -1165.533935546875
      Z: 696.25762939453125
    - X: -1283.865966796875
      Y: -1129.923095703125
      Z: 1245.9970703125
    - X: -1064.5059814453125
      Y: -1140.285888671875
      Z: 1325.79833984375
    - X: -1248.5662841796875
      Y: -1161.9862060546875
      Z: 947.26959228515625
    - X: -1545.172607421875
      Y: -1141.0791015625
      Z: 875.73980712890625
  ReturnParameters:
  - Id: 1
    Type: 0
    Rate: 15
    EntryType: 3
    Argument04: -990070292
    Argument08: -998231351
    Argument0c: 1154746319
  - Id: 1
    Type: 4
    Rate: 15
    EntryType: 0
    Argument04: 0
    Argument08: 0
    Argument0c: 0
  - Id: 1
    Type: 3
    Rate: 30
    EntryType: 0
    Argument04: 0
    Argument08: 0
    Argument0c: 0
  - Id: 2
    Type: 4
    Rate: 30
    EntryType: 0
    Argument04: 0
    Argument08: 0
    Argument0c: 0
  - Id: 2
    Type: 3
    Rate: 30
    EntryType: 0
    Argument04: 0
    Argument08: 0
    Argument0c: 0
  - Id: 3
    Type: 0
    Rate: 20
    EntryType: 3
    Argument04: 0
    Argument08: -2147483648
    Argument0c: -2147483648
  - Id: 3
    Type: 3
    Rate: 30
    EntryType: 0
    Argument04: 0
    Argument08: 0
    Argument0c: 0
  Signals: []
