- Type: 6
  Flag: 0
  Id: 896
  Teleport:
    Place: 0
    Door: 0
    World: 0
    Unknown: 0
  Unk20: 0
  Unk24: 0
  Entities:
  - ObjectId: 1165
    PositionX: -73.875846862792969
    PositionY: -1248.23095703125
    PositionZ: 545.814697265625
    RotationX: 0
    RotationY: -2.9470601081848145
    RotationZ: 0
    SpawnType: 0
    SpawnArgument: 0
    Serial: 110
    Argument1: 0
    Argument2: 0
    ReactionCommand: 892
    SpawnDelay: 0
    Command: 31
    SpawnRange: 0
    Level: 0
    Medal: 0
  EventActivators:
  - Shape: 0
    Option: 2
    PositionX: 11.466489791870117
    PositionY: -1332.39697265625
    PositionZ: 901.4033203125
    ScaleX: 149.08900451660156
    ScaleY: 100
    ScaleZ: 101.46800231933594
    RotationX: 0
    RotationY: -2.6229088306427002
    RotationZ: 0
    Flags: 0
    Type: 0
    OnBgGroup: 0
    OffBgGroup: 0
  - Shape: 0
    Option: 1
    PositionX: 377.05889892578125
    PositionY: -1339.3199462890625
    PositionZ: 421.068115234375
    ScaleX: 154.39799499511719
    ScaleY: 100
    ScaleZ: 71.438499450683594
    RotationX: 0
    RotationY: -0.30643635988235474
    RotationZ: 0
    Flags: 0
    Type: 0
    OnBgGroup: 0
    OffBgGroup: 0
  WalkPath:
  - Serial: 111
    Flag: 1
    Id: 0
    Positions:
    - X: -151.51609802246094
      Y: -1237.073974609375
      Z: 810.301025390625
    - X: -141.96549987792969
      Y: -1243.1572265625
      Z: 625.08428955078125
    - X: 34.770000457763672
      Y: -1247.9796142578125
      Z: 553.36541748046875
    - X: 191.30670166015625
      Y: -1236.5638427734375
      Z: 701.97021484375
    - X: 372.90249633789062
      Y: -1227.1329345703125
      Z: 734.1265869140625
    - X: 659.02728271484375
      Y: -1222.3271484375
      Z: 540.1068115234375
    - X: 542.4990234375
      Y: -1234.1370849609375
      Z: 369.7484130859375
    - X: 197.20820617675781
      Y: -1243.5711669921875
      Z: 479.03060913085938
    - X: 285.82101440429688
      Y: -1235.18017578125
      Z: 626.51220703125
    - X: 479.97540283203125
      Y: -1220.1080322265625
      Z: 790.203125
    - X: 287.8125
      Y: -1209.8968505859375
      Z: 1006.5983276367188
  ReturnParameters:
  - Id: 1
    Type: 4
    Rate: 15
    EntryType: 0
    Argument04: 0
    Argument08: 0
    Argument0c: 0
  - Id: 1
    Type: 0
    Rate: 20
    EntryType: 0
    Argument04: 0
    Argument08: 0
    Argument0c: 0
  - Id: 1
    Type: 3
    Rate: 30
    EntryType: 0
    Argument04: 0
    Argument08: 0
    Argument0c: 0
  - Id: 2
    Type: 4
    Rate: 15
    EntryType: 0
    Argument04: 0
    Argument08: 0
    Argument0c: 0
  - Id: 2
    Type: 0
    Rate: 15
    EntryType: 3
    Argument04: -1045695252
    Argument08: -993369481
    Argument0c: 1153081311
  - Id: 2
    Type: 3
    Rate: 30
    EntryType: 0
    Argument04: 0
    Argument08: 0
    Argument0c: 0
  - Id: 3
    Type: 4
    Rate: 30
    EntryType: 0
    Argument04: 0
    Argument08: 0
    Argument0c: 0
  - Id: 3
    Type: 0
    Rate: 10
    EntryType: 0
    Argument04: 0
    Argument08: 0
    Argument0c: 0
  - Id: 3
    Type: 3
    Rate: 30
    EntryType: 0
    Argument04: 0
    Argument08: 0
    Argument0c: 0
  Signals: []
