- Type: 6
  Flag: 0
  Id: 758
  Teleport:
    Place: 0
    Door: 0
    World: 0
    Unknown: 0
  Unk20: 0
  Unk24: 0
  Entities:
  - ObjectId: 1166
    PositionX: 947.44598388671875
    PositionY: -1124.842041015625
    PositionZ: 1547.6009521484375
    RotationX: 0
    RotationY: 2.3289377689361572
    RotationZ: 0
    SpawnType: 2
    SpawnArgument: 0
    Serial: 102
    Argument1: 0
    Argument2: 0
    ReactionCommand: 882
    SpawnDelay: 0
    Command: 31
    SpawnRange: 0
    Level: 0
    Medal: 0
  EventActivators:
  - Shape: 0
    Option: 0
    PositionX: 670.3328857421875
    PositionY: -1234.801025390625
    PositionZ: 1627.1920166015625
    ScaleX: 189.06205749511719
    ScaleY: 100
    ScaleZ: 77.812400817871094
    RotationX: 0
    RotationY: 0.15883047878742218
    RotationZ: 0
    Flags: 0
    Type: 0
    OnBgGroup: 0
    OffBgGroup: 0
  - Shape: 0
    Option: 0
    PositionX: 1153.032958984375
    PositionY: -1225.844970703125
    PositionZ: 1340.490966796875
    ScaleX: 146.62620544433594
    ScaleY: 100
    ScaleZ: 77.812400817871094
    RotationX: 0
    RotationY: -0.32806691527366638
    RotationZ: 0
    Flags: 0
    Type: 0
    OnBgGroup: 0
    OffBgGroup: 0
  - Shape: 0
    Option: 1
    PositionX: 762.584716796875
    PositionY: -2140.1318359375
    PositionZ: 916.0875244140625
    ScaleX: 1051.3570556640625
    ScaleY: 1250
    ScaleZ: 2042.7550048828125
    RotationX: 0
    RotationY: -2.4348111152648926
    RotationZ: 0
    Flags: 0
    Type: 1
    OnBgGroup: 0
    OffBgGroup: 0
  - Shape: 0
    Option: 0
    PositionX: 209.60079956054688
    PositionY: -1218.5400390625
    PositionZ: 1912.2679443359375
    ScaleX: 130.59159851074219
    ScaleY: 100
    ScaleZ: 77.812400817871094
    RotationX: 0
    RotationY: 0.15883047878742218
    RotationZ: 0
    Flags: 0
    Type: 0
    OnBgGroup: 0
    OffBgGroup: 0
  WalkPath:
  - Serial: 148
    Flag: 0
    Id: 0
    Positions:
    - X: 47.27294921875
      Y: -1131.7220458984375
      Z: 1864.5870361328125
    - X: 377.3133544921875
      Y: -1116.38671875
      Z: 1879.420166015625
    - X: 499.68795776367188
      Y: -1143.0328369140625
      Z: 1619.837890625
    - X: 870.51983642578125
      Y: -1122.7117919921875
      Z: 1627.25439453125
    - X: 1026.269287109375
      Y: -1132.1732177734375
      Z: 1393.6302490234375
    - X: 1308.1019287109375
      Y: -1118.4049072265625
      Z: 1274.964111328125
  ReturnParameters:
  - Id: 0
    Type: 2
    Rate: 0
    EntryType: 1
    Argument04: 1164
    Argument08: 0
    Argument0c: 0
  - Id: 1
    Type: 0
    Rate: 20
    EntryType: 0
    Argument04: 0
    Argument08: 0
    Argument0c: 0
  - Id: 1
    Type: 0
    Rate: 10
    EntryType: 2
    Argument04: 0
    Argument08: 0
    Argument0c: 0
  - Id: 1
    Type: 3
    Rate: 30
    EntryType: 0
    Argument04: 0
    Argument08: 0
    Argument0c: 0
  - Id: 2
    Type: 4
    Rate: 30
    EntryType: 3
    Argument04: 0
    Argument08: -2147483648
    Argument0c: -2147483648
  - Id: 2
    Type: 0
    Rate: 5
    EntryType: 0
    Argument04: 0
    Argument08: 0
    Argument0c: 0
  - Id: 2
    Type: 3
    Rate: 30
    EntryType: 0
    Argument04: 0
    Argument08: 0
    Argument0c: 0
  - Id: 3
    Type: 0
    Rate: 10
    EntryType: 0
    Argument04: 0
    Argument08: 0
    Argument0c: 0
  - Id: 3
    Type: 3
    Rate: 30
    EntryType: 0
    Argument04: 0
    Argument08: 0
    Argument0c: 0
  - Id: 4
    Type: 0
    Rate: 10
    EntryType: 0
    Argument04: 0
    Argument08: 0
    Argument0c: 0
  - Id: 4
    Type: 3
    Rate: 30
    EntryType: 0
    Argument04: 0
    Argument08: 0
    Argument0c: 0
  Signals: []
