- Type: 1
  Flag: 0
  Id: 1331
  Teleport:
    Place: 0
    Door: 0
    World: 0
    Unknown: 0
  Unk20: 0
  Unk24: 0
  Entities:
  - ObjectId: 566
    PositionX: 475.74319458007812
    PositionY: -1233.093017578125
    PositionZ: 469.14041137695312
    RotationX: 0
    RotationY: 2.268928050994873
    RotationZ: 0
    SpawnType: 1
    SpawnArgument: 52
    Serial: 128
    Argument1: 0
    Argument2: 0
    ReactionCommand: 0
    SpawnDelay: 0
    Command: 0
    SpawnRange: 0
    Level: 0
    Medal: 0
  - ObjectId: 567
    PositionX: 334.85989379882812
    PositionY: -1238.801025390625
    PositionZ: 481.46609497070312
    RotationX: 0
    RotationY: 2.268928050994873
    RotationZ: 0
    SpawnType: 1
    SpawnArgument: 52
    Serial: 129
    Argument1: 0
    Argument2: 0
    ReactionCommand: 0
    SpawnDelay: 0
    Command: 0
    SpawnRange: 0
    Level: 0
    Medal: 0
  - ObjectId: 568
    PositionX: 463.41738891601562
    PositionY: -1239.2559814453125
    PositionZ: 328.2572021484375
    RotationX: 0
    RotationY: 2.268928050994873
    RotationZ: 0
    SpawnType: 1
    SpawnArgument: 52
    Serial: 130
    Argument1: 0
    Argument2: 0
    ReactionCommand: 0
    SpawnDelay: 0
    Command: 0
    SpawnRange: 0
    Level: 0
    Medal: 0
  EventActivators: []
  WalkPath: []
  ReturnParameters: []
  Signals: []
