- Type: 6
  Flag: 0
  Id: 674
  Teleport:
    Place: 0
    Door: 0
    World: 0
    Unknown: 0
  Unk20: 0
  Unk24: 0
  Entities:
  - ObjectId: 2061
    PositionX: -2781.782958984375
    PositionY: -1359.5050048828125
    PositionZ: -269.44699096679688
    RotationX: 0
    RotationY: 0
    RotationZ: 0
    SpawnType: 0
    SpawnArgument: 0
    Serial: 94
    Argument1: 0
    Argument2: 0
    ReactionCommand: 885
    SpawnDelay: 0
    Command: 31
    SpawnRange: 0
    Level: 0
    Medal: 0
  EventActivators:
  - Shape: 0
    Option: 0
    PositionX: -2569.35595703125
    PositionY: -1419.1080322265625
    PositionZ: -33.438480377197266
    ScaleX: 286.21896362304688
    ScaleY: 100
    ScaleZ: 49.806045532226562
    RotationX: 0
    RotationY: -0.35929626226425171
    RotationZ: 0
    Flags: 0
    Type: 0
    OnBgGroup: 0
    OffBgGroup: 0
  - Shape: 0
    Option: 0
    PositionX: -2697.490966796875
    PositionY: -1507.2659912109375
    PositionZ: -873.3037109375
    ScaleX: 137.93179321289062
    ScaleY: 100
    ScaleZ: 49.806045532226562
    RotationX: 0
    RotationY: -0.2185131311416626
    RotationZ: 0
    Flags: 0
    Type: 0
    OnBgGroup: 0
    OffBgGroup: 0
  - Shape: 0
    Option: 0
    PositionX: -2741.65087890625
    PositionY: -1476.4830322265625
    PositionZ: -443.93771362304688
    ScaleX: 163.29295349121094
    ScaleY: 100
    ScaleZ: 49.806045532226562
    RotationX: 0
    RotationY: 0.081241689622402191
    RotationZ: 0
    Flags: 0
    Type: 0
    OnBgGroup: 0
    OffBgGroup: 0
  WalkPath:
  - Serial: 95
    Flag: 1
    Id: 0
    Positions:
    - X: -2561.35400390625
      Y: -1316.0450439453125
      Z: -39.594650268554688
    - X: -2796.311767578125
      Y: -1334.3497314453125
      Z: 54.677040100097656
    - X: -2930.263427734375
      Y: -1374.7359619140625
      Z: -229.70774841308594
    - X: -2801.466552734375
      Y: -1373.68017578125
      Z: -357.28884887695312
    - X: -2627.9677734375
      Y: -1380.5479736328125
      Z: -596.276123046875
    - X: -2811.789794921875
      Y: -1410.7462158203125
      Z: -754.8829345703125
    - X: -2904.5615234375
      Y: -1402.8817138671875
      Z: -508.291748046875
    - X: -2567.443115234375
      Y: -1360.70361328125
      Z: -466.95504760742188
    - X: -2527.78125
      Y: -1387.3277587890625
      Z: -868.72955322265625
    - X: -2853.669189453125
      Y: -1419.4825439453125
      Z: -822.24273681640625
    - X: -2767.41943359375
      Y: -1387.840087890625
      Z: -550.6390380859375
    - X: -2462.518798828125
      Y: -1349.160400390625
      Z: -503.15484619140625
    - X: -2306.718505859375
      Y: -1302.6822509765625
      Z: -170.7967529296875
  ReturnParameters:
  - Id: 0
    Type: 8
    Rate: 0
    EntryType: 1
    Argument04: 1076
    Argument08: 0
    Argument0c: 0
  - Id: 1
    Type: 0
    Rate: 15
    EntryType: 0
    Argument04: 0
    Argument08: 0
    Argument0c: 0
  - Id: 1
    Type: 4
    Rate: 20
    EntryType: 3
    Argument04: 0
    Argument08: -2147483648
    Argument0c: -2147483648
  - Id: 1
    Type: 3
    Rate: 30
    EntryType: 0
    Argument04: 0
    Argument08: 0
    Argument0c: 0
  Signals: []
