- Type: 6
  Flag: 0
  Id: 1365
  Teleport:
    Place: 0
    Door: 0
    World: 0
    Unknown: 0
  Unk20: 0
  Unk24: 0
  Entities:
  - ObjectId: 2062
    PositionX: 776.0203857421875
    PositionY: -1226.449951171875
    PositionZ: -398.52020263671875
    RotationX: 0
    RotationY: 0
    RotationZ: 0
    SpawnType: 0
    SpawnArgument: 0
    Serial: 132
    Argument1: 0
    Argument2: 0
    ReactionCommand: 1695
    SpawnDelay: 0
    Command: 31
    SpawnRange: 0
    Level: 0
    Medal: 0
  EventActivators:
  - Shape: 0
    Option: 0
    PositionX: 580.3079833984375
    PositionY: -1331.1070556640625
    PositionZ: -485.6195068359375
    ScaleX: 110.26399993896484
    ScaleY: 100
    ScaleZ: 55.503551483154297
    RotationX: 0
    RotationY: 0.10891298204660416
    RotationZ: 0
    Flags: 0
    Type: 0
    OnBgGroup: 0
    OffBgGroup: 0
  - Shape: 0
    Option: 1
    PositionX: 890.8707275390625
    PositionY: -1310.491943359375
    PositionZ: -548.04547119140625
    ScaleX: 109.92749786376953
    ScaleY: 100
    ScaleZ: 55.503501892089844
    RotationX: 0
    RotationY: 0.096831530332565308
    RotationZ: 0
    Flags: 0
    Type: 0
    OnBgGroup: 0
    OffBgGroup: 0
  - Shape: 0
    Option: 0
    PositionX: 777.98968505859375
    PositionY: -1313.2569580078125
    PositionZ: -784.1619873046875
    ScaleX: 209.92994689941406
    ScaleY: 100
    ScaleZ: 55.503551483154297
    RotationX: 0
    RotationY: 0.027873082086443901
    RotationZ: 0
    Flags: 0
    Type: 0
    OnBgGroup: 0
    OffBgGroup: 0
  WalkPath:
  - Serial: 133
    Flag: 1
    Id: 0
    Positions:
    - X: 491.74740600585938
      Y: -1240.927001953125
      Z: -325.91378784179688
    - X: 455.83676147460938
      Y: -1237.308349609375
      Z: -477.36309814453125
    - X: 611.969970703125
      Y: -1229.38916015625
      Z: -491.41500854492188
    - X: 814.3983154296875
      Y: -1223.5501708984375
      Z: -420.96661376953125
    - X: 931.06842041015625
      Y: -1205.2978515625
      Z: -595.3704833984375
    - X: 719.5050048828125
      Y: -1219.7222900390625
      Z: -652.2174072265625
    - X: 482.43609619140625
      Y: -1234.12646484375
      Z: -551.99639892578125
    - X: 483.2933349609375
      Y: -1230.432861328125
      Z: -686.4910888671875
    - X: 703.66510009765625
      Y: -1215.93212890625
      Z: -794.62457275390625
    - X: 1011.1329956054688
      Y: -1193.05712890625
      Z: -735.0625
    - X: 1003.2376098632812
      Y: -1202.47412109375
      Z: -541.4718017578125
    - X: 743.763916015625
      Y: -1221.9393310546875
      Z: -546.44110107421875
    - X: 684.4503173828125
      Y: -1234.120849609375
      Z: -282.20016479492188
  ReturnParameters:
  - Id: 1
    Type: 0
    Rate: 20
    EntryType: 0
    Argument04: 0
    Argument08: 0
    Argument0c: 0
  - Id: 1
    Type: 4
    Rate: 20
    EntryType: 0
    Argument04: 0
    Argument08: 0
    Argument0c: 0
  - Id: 1
    Type: 3
    Rate: 30
    EntryType: 0
    Argument04: 0
    Argument08: 0
    Argument0c: 0
  Signals: []
