- Type: 6
  Flag: 0
  Id: 1429
  Teleport:
    Place: 0
    Door: 0
    World: 0
    Unknown: 0
  Unk20: 0
  Unk24: 0
  Entities:
  - ObjectId: 2062
    PositionX: -2234.556884765625
    PositionY: -1381.0040283203125
    PositionZ: -1221.1949462890625
    RotationX: 0
    RotationY: 0
    RotationZ: 0
    SpawnType: 0
    SpawnArgument: 0
    Serial: 136
    Argument1: 0
    Argument2: 0
    ReactionCommand: 1697
    SpawnDelay: 0
    Command: 31
    SpawnRange: 0
    Level: 0
    Medal: 0
  EventActivators:
  - Shape: 0
    Option: 0
    PositionX: -2054.719970703125
    PositionY: -1479.001953125
    PositionZ: -1343.43994140625
    ScaleX: 122.05429840087891
    ScaleY: 100
    ScaleZ: 39.706783294677734
    RotationX: 0
    RotationY: -1.3204951286315918
    RotationZ: 0
    Flags: 0
    Type: 0
    OnBgGroup: 0
    OffBgGroup: 0
  - Shape: 0
    Option: 1
    PositionX: -2372.260009765625
    PositionY: -1532.6409912109375
    PositionZ: -1625.0439453125
    ScaleX: 215.1405029296875
    ScaleY: 100
    ScaleZ: 49.970100402832031
    RotationX: 0
    RotationY: -0.67228233814239502
    RotationZ: 0
    Flags: 0
    Type: 0
    OnBgGroup: 0
    OffBgGroup: 0
  - Shape: 0
    Option: 0
    PositionX: -2657.2060546875
    PositionY: -1526.1240234375
    PositionZ: -1252.0689697265625
    ScaleX: 149.1346435546875
    ScaleY: 100
    ScaleZ: 49.970111846923828
    RotationX: 0
    RotationY: -0.24679619073867798
    RotationZ: 0
    Flags: 0
    Type: 0
    OnBgGroup: 0
    OffBgGroup: 0
  - Shape: 0
    Option: 1
    PositionX: -2190.569091796875
    PositionY: -1504.0169677734375
    PositionZ: -1499.113037109375
    ScaleX: 149.13450622558594
    ScaleY: 100
    ScaleZ: 49.970100402832031
    RotationX: 0
    RotationY: -0.84972941875457764
    RotationZ: 0
    Flags: 0
    Type: 0
    OnBgGroup: 0
    OffBgGroup: 0
  WalkPath:
  - Serial: 137
    Flag: 1
    Id: 0
    Positions:
    - X: -2464.991943359375
      Y: -1386.7950439453125
      Z: -954.2515869140625
    - X: -2670.3173828125
      Y: -1407.97607421875
      Z: -924.91741943359375
    - X: -2825.263427734375
      Y: -1424.65869140625
      Z: -943.9581298828125
    - X: -2808.693115234375
      Y: -1438.00732421875
      Z: -1186.8427734375
    - X: -2633.11865234375
      Y: -1427.5001220703125
      Z: -1263.0556640625
    - X: -2472.6376953125
      Y: -1416.3228759765625
      Z: -1325.2186279296875
    - X: -2423.81787109375
      Y: -1429.5296630859375
      Z: -1547.8416748046875
    - X: -2272.84716796875
      Y: -1423.9722900390625
      Z: -1595.8780517578125
    - X: -2128.738525390625
      Y: -1429.4945068359375
      Z: -1757.142333984375
    - X: -1950.318359375
      Y: -1411.186279296875
      Z: -1715.968505859375
    - X: -1881.6951904296875
      Y: -1390.698974609375
      Z: -1547.8416748046875
    - X: -2027.858642578125
      Y: -1388.3841552734375
      Z: -1433.9425048828125
    - X: -2111.872314453125
      Y: -1369.784423828125
      Z: -1186.8427734375
    - X: -2373.7978515625
      Y: -1394.1474609375
      Z: -1162.1329345703125
    - X: -2526.999755859375
      Y: -1429.789794921875
      Z: -1419.116455078125
    - X: -2289.7841796875
      Y: -1435.97705078125
      Z: -1695.867919921875
    - X: -2027.858642578125
      Y: -1417.205810546875
      Z: -1715.6357421875
    - X: -2284.842041015625
      Y: -1401.1651611328125
      Z: -1369.696533203125
    - X: -2283.140625
      Y: -1376.4085693359375
      Z: -1091.4979248046875
  ReturnParameters:
  - Id: 0
    Type: 8
    Rate: 0
    EntryType: 1
    Argument04: 1075
    Argument08: 0
    Argument0c: 0
  - Id: 1
    Type: 0
    Rate: 15
    EntryType: 0
    Argument04: 0
    Argument08: 0
    Argument0c: 0
  - Id: 1
    Type: 4
    Rate: 15
    EntryType: 0
    Argument04: 0
    Argument08: 0
    Argument0c: 0
  - Id: 1
    Type: 3
    Rate: 30
    EntryType: 0
    Argument04: 0
    Argument08: 0
    Argument0c: 0
  Signals: []
