- Type: 2
  Flag: 0
  Id: 149
  Teleport:
    Place: 0
    Door: 0
    World: 0
    Unknown: 0
  Unk20: 30
  Unk24: 0
  Entities:
  - ObjectId: 370
    PositionX: 243.752197265625
    PositionY: -1000
    PositionZ: -183.05079650878906
    RotationX: 0
    RotationY: 0
    RotationZ: 0
    SpawnType: 2
    SpawnArgument: 2
    Serial: 53
    Argument1: 0
    Argument2: 0
    ReactionCommand: 0
    SpawnDelay: 60
    Command: 0
    SpawnRange: 2000
    Level: 100
    Medal: 0
  - ObjectId: 372
    PositionX: 126.64759826660156
    PositionY: -1000
    PositionZ: 304.131591796875
    RotationX: 0
    RotationY: 0
    RotationZ: 0
    SpawnType: 2
    SpawnArgument: 2
    Serial: 54
    Argument1: 0
    Argument2: 0
    ReactionCommand: 0
    SpawnDelay: 80
    Command: 0
    SpawnRange: 1500
    Level: 100
    Medal: 0
  - ObjectId: 370
    PositionX: -344.16329956054688
    PositionY: -1000
    PositionZ: -408.34219360351562
    RotationX: 0
    RotationY: 0
    RotationZ: 0
    SpawnType: 2
    SpawnArgument: 2
    Serial: 55
    Argument1: 0
    Argument2: 0
    ReactionCommand: 0
    SpawnDelay: 0
    Command: 0
    SpawnRange: 1500
    Level: 100
    Medal: 0
  EventActivators:
  - Shape: 0
    Option: 0
    PositionX: 62.41326904296875
    PositionY: 599.9998779296875
    PositionZ: -209.20320129394531
    ScaleX: 1442.678955078125
    ScaleY: 399.99993896484375
    ScaleZ: 1308.95947265625
    RotationX: 0
    RotationY: 2.3936421871185303
    RotationZ: 0
    Flags: 0
    Type: 0
    OnBgGroup: 0
    OffBgGroup: 0
  WalkPath: []
  ReturnParameters: []
  Signals: []
- Type: 2
  Flag: 0
  Id: 150
  Teleport:
    Place: 0
    Door: 0
    World: 0
    Unknown: 0
  Unk20: 0
  Unk24: 0
  Entities:
  - ObjectId: 370
    PositionX: 1262.35400390625
    PositionY: -1500
    PositionZ: -1506.301025390625
    RotationX: 0
    RotationY: 0
    RotationZ: 0
    SpawnType: 2
    SpawnArgument: 0
    Serial: 56
    Argument1: 0
    Argument2: 0
    ReactionCommand: 0
    SpawnDelay: 60
    Command: 0
    SpawnRange: 0
    Level: 0
    Medal: 0
  - ObjectId: 372
    PositionX: 1125.2120361328125
    PositionY: -1800
    PositionZ: -1255.9759521484375
    RotationX: 0
    RotationY: 0.57714933156967163
    RotationZ: 0
    SpawnType: 2
    SpawnArgument: 0
    Serial: 57
    Argument1: 0
    Argument2: 0
    ReactionCommand: 0
    SpawnDelay: 30
    Command: 0
    SpawnRange: 0
    Level: 0
    Medal: 0
  EventActivators:
  - Shape: 0
    Option: 0
    PositionX: 1212.7860107421875
    PositionY: -400
    PositionZ: -1305.85400390625
    ScaleX: 377.13800048828125
    ScaleY: 400
    ScaleZ: 354.93450927734375
    RotationX: 0
    RotationY: 2.3936421871185303
    RotationZ: 0
    Flags: 0
    Type: 0
    OnBgGroup: 0
    OffBgGroup: 0
  WalkPath: []
  ReturnParameters: []
  Signals: []
