- Type: 1
  Flag: 0
  Id: 92
  Teleport:
    Place: 0
    Door: 0
    World: 0
    Unknown: 0
  Unk20: 0
  Unk24: 0
  Entities:
  - ObjectId: 2178
    PositionX: 331.01309204101562
    PositionY: 5.2053570747375488
    PositionZ: -205.29739379882812
    RotationX: 0
    RotationY: -1.5707963705062866
    RotationZ: 0
    SpawnType: 0
    SpawnArgument: 0
    Serial: 15
    Argument1: 0
    Argument2: 0
    ReactionCommand: 0
    SpawnDelay: 0
    Command: 204
    SpawnRange: 0
    Level: 0
    Medal: 0
  EventActivators: []
  WalkPath: []
  ReturnParameters: []
  Signals: []
