- Type: 1
  Flag: 0
  Id: 51
  Teleport:
    Place: 0
    Door: 0
    World: 0
    Unknown: 0
  Unk20: 0
  Unk24: 0
  Entities:
  - ObjectId: 566
    PositionX: 434.35018920898438
    PositionY: -0.73126697540283203
    PositionZ: 85.186042785644531
    RotationX: 0
    RotationY: -3.0543262958526611
    RotationZ: 0
    SpawnType: 1
    SpawnArgument: 50
    Serial: 9
    Argument1: 0
    Argument2: 0
    ReactionCommand: 0
    SpawnDelay: 0
    Command: 0
    SpawnRange: 0
    Level: 0
    Medal: 0
  - ObjectId: 567
    PositionX: 343.4462890625
    PositionY: -0.73126697540283203
    PositionZ: -23.149019241333008
    RotationX: 0
    RotationY: -3.0543262958526611
    RotationZ: 0
    SpawnType: 1
    SpawnArgument: 50
    Serial: 10
    Argument1: 0
    Argument2: 0
    ReactionCommand: 0
    SpawnDelay: 0
    Command: 0
    SpawnRange: 0
    Level: 0
    Medal: 0
  - ObjectId: 568
    PositionX: 542.6851806640625
    PositionY: -0.73126697540283203
    PositionZ: -5.7178487777709961
    RotationX: 0
    RotationY: -3.0543262958526611
    RotationZ: 0
    SpawnType: 1
    SpawnArgument: 50
    Serial: 11
    Argument1: 0
    Argument2: 0
    ReactionCommand: 0
    SpawnDelay: 0
    Command: 0
    SpawnRange: 0
    Level: 0
    Medal: 0
  EventActivators: []
  WalkPath: []
  ReturnParameters: []
  Signals: []
