- Type: 3
  Flag: 0
  Id: 110
  Teleport:
    Place: 9
    Door: 0
    World: 0
    Unknown: 0
  Unk20: 0
  Unk24: 0
  Entities: []
  EventActivators:
  - Shape: 0
    Option: 0
    PositionX: 7.6301569938659668
    PositionY: -262.14801025390625
    PositionZ: -1059.125
    ScaleX: 516.50701904296875
    ScaleY: 737.85198974609375
    ScaleZ: 268.96383666992188
    RotationX: 0
    RotationY: -1.5707963705062866
    RotationZ: 0
    Flags: 0
    Type: 0
    OnBgGroup: 0
    OffBgGroup: 0
  WalkPath: []
  ReturnParameters: []
  Signals: []
