- Type: 1
  Flag: 0
  Id: 132
  Teleport:
    Place: 0
    Door: 0
    World: 0
    Unknown: 0
  Unk20: 0
  Unk24: 0
  Entities:
  - ObjectId: 566
    PositionX: -1799.384033203125
    PositionY: 1300.0009765625
    PositionZ: -201.06790161132812
    RotationX: 0
    RotationY: 0
    RotationZ: 0
    SpawnType: 1
    SpawnArgument: 50
    Serial: 17
    Argument1: 0
    Argument2: 0
    ReactionCommand: 0
    SpawnDelay: 0
    Command: 0
    SpawnRange: 0
    Level: 0
    Medal: 0
  - ObjectId: 567
    PositionX: -1699.384033203125
    PositionY: 1300.0009765625
    PositionZ: -101.06790161132812
    RotationX: 0
    RotationY: 0
    RotationZ: 0
    SpawnType: 1
    SpawnArgument: 50
    Serial: 18
    Argument1: 0
    Argument2: 0
    ReactionCommand: 0
    SpawnDelay: 0
    Command: 0
    SpawnRange: 0
    Level: 0
    Medal: 0
  - ObjectId: 568
    PositionX: -1899.384033203125
    PositionY: 1300.0009765625
    PositionZ: -101.06790161132812
    RotationX: 0
    RotationY: 0
    RotationZ: 0
    SpawnType: 1
    SpawnArgument: 50
    Serial: 19
    Argument1: 0
    Argument2: 0
    ReactionCommand: 0
    SpawnDelay: 0
    Command: 0
    SpawnRange: 0
    Level: 0
    Medal: 0
  - ObjectId: 566
    PositionX: -4.3711388570955023E-06
    PositionY: 4.3325300794094801E-05
    PositionZ: 500
    RotationX: 0
    RotationY: 3.1415927410125732
    RotationZ: 0
    SpawnType: 1
    SpawnArgument: 51
    Serial: 20
    Argument1: 0
    Argument2: 0
    ReactionCommand: 0
    SpawnDelay: 0
    Command: 0
    SpawnRange: 0
    Level: 0
    Medal: 0
  EventActivators: []
  WalkPath: []
  ReturnParameters: []
  Signals: []
