- Type: 1
  Flag: 0
  Id: 26
  Teleport:
    Place: 0
    Door: 0
    World: 0
    Unknown: 0
  Unk20: 0
  Unk24: 0
  Entities:
  - ObjectId: 566
    PositionX: -741.9730224609375
    PositionY: -161.32110595703125
    PositionZ: 182.88099670410156
    RotationX: 0
    RotationY: 0.47123891115188599
    RotationZ: 0
    SpawnType: 0
    SpawnArgument: 0
    Serial: 17
    Argument1: 0
    Argument2: 0
    ReactionCommand: 0
    SpawnDelay: 0
    Command: 0
    SpawnRange: 0
    Level: 0
    Medal: 0
  - ObjectId: 567
    PositionX: -698.27142333984375
    PositionY: -161.32110595703125
    PositionZ: 317.38070678710938
    RotationX: 0
    RotationY: 0.47123891115188599
    RotationZ: 0
    SpawnType: 0
    SpawnArgument: 0
    Serial: 18
    Argument1: 0
    Argument2: 0
    ReactionCommand: 0
    SpawnDelay: 0
    Command: 0
    SpawnRange: 0
    Level: 0
    Medal: 0
  - ObjectId: 568
    PositionX: -876.47271728515625
    PositionY: -161.32110595703125
    PositionZ: 226.58259582519531
    RotationX: 0
    RotationY: 0.47123891115188599
    RotationZ: 0
    SpawnType: 0
    SpawnArgument: 0
    Serial: 19
    Argument1: 0
    Argument2: 0
    ReactionCommand: 0
    SpawnDelay: 0
    Command: 0
    SpawnRange: 0
    Level: 0
    Medal: 0
  - ObjectId: 1607
    PositionX: -402.96490478515625
    PositionY: -137.94279479980469
    PositionZ: -444.04940795898438
    RotationX: 0
    RotationY: -2.6703536510467529
    RotationZ: 0
    SpawnType: 3
    SpawnArgument: 0
    Serial: 22
    Argument1: 1
    Argument2: 0
    ReactionCommand: 0
    SpawnDelay: 0
    Command: 0
    SpawnRange: 0
    Level: 0
    Medal: 0
  EventActivators: []
  WalkPath: []
  ReturnParameters: []
  Signals: []
