- Type: 1
  Flag: 0
  Id: 1166
  Teleport:
    Place: 0
    Door: 0
    World: 0
    Unknown: 0
  Unk20: 0
  Unk24: 0
  Entities:
  - ObjectId: 14
    PositionX: 300
    PositionY: 2.6470599550521001E-05
    PositionZ: -700
    RotationX: 0
    RotationY: 3.1415927410125732
    RotationZ: 0
    SpawnType: 0
    SpawnArgument: 0
    Serial: 528
    Argument1: 0
    Argument2: 0
    ReactionCommand: 0
    SpawnDelay: 0
    Command: 0
    SpawnRange: 0
    Level: 0
    Medal: 0
  - ObjectId: 1776
    PositionX: 3.4969110856764019E-05
    PositionY: 2.6470599550521001E-05
    PositionZ: -900
    RotationX: 0
    RotationY: 3.1415927410125732
    RotationZ: 0
    SpawnType: 0
    SpawnArgument: 0
    Serial: 1697
    Argument1: 0
    Argument2: 0
    ReactionCommand: 0
    SpawnDelay: 0
    Command: 0
    SpawnRange: 0
    Level: 0
    Medal: 0
  - ObjectId: 14
    PositionX: 2.1855690647498704E-05
    PositionY: 2.6470599550521001E-05
    PositionZ: -750
    RotationX: 0
    RotationY: 3.1415927410125732
    RotationZ: 0
    SpawnType: 0
    SpawnArgument: 0
    Serial: 1698
    Argument1: 0
    Argument2: 0
    ReactionCommand: 0
    SpawnDelay: 0
    Command: 0
    SpawnRange: 0
    Level: 0
    Medal: 0
  - ObjectId: 14
    PositionX: -300
    PositionY: 2.6470599550521001E-05
    PositionZ: -700
    RotationX: 0
    RotationY: 3.1415927410125732
    RotationZ: 0
    SpawnType: 0
    SpawnArgument: 0
    Serial: 529
    Argument1: 0
    Argument2: 0
    ReactionCommand: 0
    SpawnDelay: 0
    Command: 0
    SpawnRange: 0
    Level: 0
    Medal: 0
  EventActivators: []
  WalkPath: []
  ReturnParameters: []
  Signals: []
