- Type: 1
  Flag: 0
  Id: 3332
  Teleport:
    Place: 0
    Door: 0
    World: 0
    Unknown: 0
  Unk20: 0
  Unk24: 0
  Entities:
  - ObjectId: 312
    PositionX: 99.999977111816406
    PositionY: 8.509549661539495E-05
    PositionZ: -200
    RotationX: 0
    RotationY: 3.1415927410125732
    RotationZ: 0
    SpawnType: 0
    SpawnArgument: 0
    Serial: 1104
    Argument1: 0
    Argument2: 0
    ReactionCommand: 0
    SpawnDelay: 0
    Command: 0
    SpawnRange: 0
    Level: 0
    Medal: 0
  - ObjectId: 16
    PositionX: 8.7422777141910046E-06
    PositionY: -149.99989318847656
    PositionZ: -550
    RotationX: 0
    RotationY: 3.1415927410125732
    RotationZ: 0
    SpawnType: 0
    SpawnArgument: 0
    Serial: 1105
    Argument1: 0
    Argument2: 0
    ReactionCommand: 0
    SpawnDelay: 0
    Command: 0
    SpawnRange: 0
    Level: 0
    Medal: 0
  - ObjectId: 313
    PositionX: 250
    PositionY: 8.509549661539495E-05
    PositionZ: -450
    RotationX: 0
    RotationY: 3.1415927410125732
    RotationZ: 0
    SpawnType: 0
    SpawnArgument: 0
    Serial: 1107
    Argument1: 0
    Argument2: 0
    ReactionCommand: 0
    SpawnDelay: 0
    Command: 0
    SpawnRange: 0
    Level: 0
    Medal: 0
  - ObjectId: 313
    PositionX: -250
    PositionY: 8.509549661539495E-05
    PositionZ: -450
    RotationX: 0
    RotationY: 3.1415927410125732
    RotationZ: 0
    SpawnType: 0
    SpawnArgument: 0
    Serial: 1108
    Argument1: 0
    Argument2: 0
    ReactionCommand: 0
    SpawnDelay: 0
    Command: 0
    SpawnRange: 0
    Level: 0
    Medal: 0
  - ObjectId: 312
    PositionX: -100
    PositionY: 8.509549661539495E-05
    PositionZ: -200
    RotationX: 0
    RotationY: 3.1415927410125732
    RotationZ: 0
    SpawnType: 0
    SpawnArgument: 0
    Serial: 1358
    Argument1: 0
    Argument2: 0
    ReactionCommand: 0
    SpawnDelay: 0
    Command: 0
    SpawnRange: 0
    Level: 0
    Medal: 0
  EventActivators: []
  WalkPath: []
  ReturnParameters: []
  Signals: []
