- Type: 1
  Flag: 0
  Id: 1626
  Teleport:
    Place: 0
    Door: 0
    World: 0
    Unknown: 0
  Unk20: 0
  Unk24: 0
  Entities:
  - ObjectId: 10
    PositionX: 297.072509765625
    PositionY: -100.00019836425781
    PositionZ: -254.2958984375
    RotationX: 0
    RotationY: 3.1415927410125732
    RotationZ: 0
    SpawnType: 3
    SpawnArgument: 0
    Serial: 1577
    Argument1: 0
    Argument2: 0
    ReactionCommand: 0
    SpawnDelay: 0
    Command: 0
    SpawnRange: 0
    Level: 0
    Medal: 0
  - ObjectId: 73
    PositionX: 147.07249450683594
    PositionY: -200.00019836425781
    PositionZ: -454.2958984375
    RotationX: 0
    RotationY: 3.1415927410125732
    RotationZ: 0
    SpawnType: 3
    SpawnArgument: 0
    Serial: 1579
    Argument1: 0
    Argument2: 0
    ReactionCommand: 0
    SpawnDelay: 0
    Command: 0
    SpawnRange: 0
    Level: 0
    Medal: 0
  - ObjectId: 10
    PositionX: -302.927490234375
    PositionY: -100.00019836425781
    PositionZ: -254.2958984375
    RotationX: 0
    RotationY: 3.1415927410125732
    RotationZ: 0
    SpawnType: 3
    SpawnArgument: 0
    Serial: 1580
    Argument1: 0
    Argument2: 0
    ReactionCommand: 0
    SpawnDelay: 0
    Command: 0
    SpawnRange: 0
    Level: 0
    Medal: 0
  - ObjectId: 73
    PositionX: -202.92750549316406
    PositionY: -200.00019836425781
    PositionZ: -454.2958984375
    RotationX: 0
    RotationY: 3.1415927410125732
    RotationZ: 0
    SpawnType: 3
    SpawnArgument: 0
    Serial: 1696
    Argument1: 0
    Argument2: 0
    ReactionCommand: 0
    SpawnDelay: 0
    Command: 0
    SpawnRange: 0
    Level: 0
    Medal: 0
  EventActivators: []
  WalkPath: []
  ReturnParameters: []
  Signals: []
