- Type: 1
  Flag: 0
  Id: 2948
  Teleport:
    Place: 0
    Door: 0
    World: 0
    Unknown: 0
  Unk20: 0
  Unk24: 0
  Entities:
  - ObjectId: 2298
    PositionX: -149.39799499511719
    PositionY: -0.00015098659787327051
    PositionZ: -307.20660400390625
    RotationX: 0
    RotationY: 3.1415927410125732
    RotationZ: 0
    SpawnType: 3
    SpawnArgument: 0
    Serial: 1025
    Argument1: 2
    Argument2: 0
    ReactionCommand: 0
    SpawnDelay: 0
    Command: 0
    SpawnRange: 0
    Level: 0
    Medal: 0
  - ObjectId: 2297
    PositionX: 200.60200500488281
    PositionY: -0.00015098659787327051
    PositionZ: -307.20660400390625
    RotationX: 0
    RotationY: 3.1415927410125732
    RotationZ: 0
    SpawnType: 3
    SpawnArgument: 0
    Serial: 1701
    Argument1: 1
    Argument2: 0
    ReactionCommand: 0
    SpawnDelay: 0
    Command: 0
    SpawnRange: 0
    Level: 0
    Medal: 0
  EventActivators: []
  WalkPath: []
  ReturnParameters: []
  Signals: []
