- Type: 1
  Flag: 0
  Id: 2532
  Teleport:
    Place: 0
    Door: 0
    World: 0
    Unknown: 0
  Unk20: 0
  Unk24: 0
  Entities:
  - ObjectId: 317
    PositionX: 99.999992370605469
    PositionY: -0.00015098659787327051
    PositionZ: -400
    RotationX: 0
    RotationY: 3.1415927410125732
    RotationZ: 0
    SpawnType: 3
    SpawnArgument: 0
    Serial: 853
    Argument1: 0
    Argument2: 0
    ReactionCommand: 0
    SpawnDelay: 0
    Command: 0
    SpawnRange: 0
    Level: 0
    Medal: 0
  - ObjectId: 317
    PositionX: -100
    PositionY: -0.00015098659787327051
    PositionZ: -400
    RotationX: 0
    RotationY: 3.1415927410125732
    RotationZ: 0
    SpawnType: 3
    SpawnArgument: 0
    Serial: 854
    Argument1: 0
    Argument2: 0
    ReactionCommand: 0
    SpawnDelay: 0
    Command: 0
    SpawnRange: 0
    Level: 0
    Medal: 0
  - ObjectId: 310
    PositionX: 300
    PositionY: -0.00015098659787327051
    PositionZ: -500
    RotationX: 0
    RotationY: 3.1415927410125732
    RotationZ: 0
    SpawnType: 3
    SpawnArgument: 0
    Serial: 855
    Argument1: 0
    Argument2: 0
    ReactionCommand: 0
    SpawnDelay: 0
    Command: 0
    SpawnRange: 0
    Level: 0
    Medal: 0
  - ObjectId: 310
    PositionX: -300
    PositionY: -0.00015098659787327051
    PositionZ: -500
    RotationX: 0
    RotationY: 3.1415927410125732
    RotationZ: 0
    SpawnType: 3
    SpawnArgument: 0
    Serial: 856
    Argument1: 0
    Argument2: 0
    ReactionCommand: 0
    SpawnDelay: 0
    Command: 0
    SpawnRange: 0
    Level: 0
    Medal: 0
  - ObjectId: 313
    PositionX: 1.748456088535022E-05
    PositionY: -0.00015098659787327051
    PositionZ: -650
    RotationX: 0
    RotationY: 3.1415927410125732
    RotationZ: 0
    SpawnType: 3
    SpawnArgument: 0
    Serial: 857
    Argument1: 0
    Argument2: 0
    ReactionCommand: 0
    SpawnDelay: 0
    Command: 0
    SpawnRange: 0
    Level: 0
    Medal: 0
  EventActivators: []
  WalkPath: []
  ReturnParameters: []
  Signals: []
