- Type: 1
  Flag: 0
  Id: 4849
  Teleport:
    Place: 0
    Door: 0
    World: 0
    Unknown: 0
  Unk20: 0
  Unk24: 0
  Entities:
  - ObjectId: 122
    PositionX: -250.00010681152344
    PositionY: -0.00015098659787327051
    PositionZ: 300
    RotationX: 0
    RotationY: 2.7488934993743896
    RotationZ: 0
    SpawnType: 3
    SpawnArgument: 0
    Serial: 1628
    Argument1: 0
    Argument2: 0
    ReactionCommand: 0
    SpawnDelay: 0
    Command: 0
    SpawnRange: 0
    Level: 0
    Medal: 0
  - ObjectId: 122
    PositionX: 249.99989318847656
    PositionY: -0.00015098659787327051
    PositionZ: 300
    RotationX: 0
    RotationY: -2.7488934993743896
    RotationZ: 0
    SpawnType: 3
    SpawnArgument: 0
    Serial: 1629
    Argument1: 0
    Argument2: 0
    ReactionCommand: 0
    SpawnDelay: 0
    Command: 0
    SpawnRange: 0
    Level: 0
    Medal: 0
  - ObjectId: 303
    PositionX: -200
    PositionY: -0.00015098659787327051
    PositionZ: -200
    RotationX: 0
    RotationY: 3.1415927410125732
    RotationZ: 0
    SpawnType: 3
    SpawnArgument: 0
    Serial: 1630
    Argument1: 0
    Argument2: 0
    ReactionCommand: 0
    SpawnDelay: 0
    Command: 0
    SpawnRange: 0
    Level: 0
    Medal: 0
  - ObjectId: 303
    PositionX: 200
    PositionY: -0.00015098659787327051
    PositionZ: -200
    RotationX: 0
    RotationY: 3.1415927410125732
    RotationZ: 0
    SpawnType: 3
    SpawnArgument: 0
    Serial: 1631
    Argument1: 0
    Argument2: 0
    ReactionCommand: 0
    SpawnDelay: 0
    Command: 0
    SpawnRange: 0
    Level: 0
    Medal: 0
  EventActivators: []
  WalkPath: []
  ReturnParameters: []
  Signals: []
