- Type: 1
  Flag: 0
  Id: 5073
  Teleport:
    Place: 0
    Door: 0
    World: 0
    Unknown: 0
  Unk20: 0
  Unk24: 0
  Entities:
  - ObjectId: 2298
    PositionX: -149.39799499511719
    PositionY: -5.0306760385865346E-05
    PositionZ: -307.20660400390625
    RotationX: 0
    RotationY: 3.1415927410125732
    RotationZ: 0
    SpawnType: 3
    SpawnArgument: 0
    Serial: 1715
    Argument1: 3
    Argument2: 0
    ReactionCommand: 0
    SpawnDelay: 0
    Command: 0
    SpawnRange: 0
    Level: 0
    Medal: 0
  - ObjectId: 2297
    PositionX: 200.60200500488281
    PositionY: -7.9876248491927981E-05
    PositionZ: -307.20660400390625
    RotationX: 0
    RotationY: 3.1415927410125732
    RotationZ: 0
    SpawnType: 3
    SpawnArgument: 0
    Serial: 1716
    Argument1: 3
    Argument2: 0
    ReactionCommand: 0
    SpawnDelay: 0
    Command: 0
    SpawnRange: 0
    Level: 0
    Medal: 0
  - ObjectId: 2299
    PositionX: 400.60198974609375
    PositionY: -3.6659770557889715E-05
    PositionZ: -207.20660400390625
    RotationX: 0
    RotationY: -2.552544116973877
    RotationZ: 0
    SpawnType: 3
    SpawnArgument: 0
    Serial: 1717
    Argument1: 4
    Argument2: 0
    ReactionCommand: 0
    SpawnDelay: 0
    Command: 0
    SpawnRange: 0
    Level: 0
    Medal: 0
  - ObjectId: 2296
    PositionX: -349.39801025390625
    PositionY: -3.6659770557889715E-05
    PositionZ: -207.20660400390625
    RotationX: 0
    RotationY: 2.3561944961547852
    RotationZ: 0
    SpawnType: 3
    SpawnArgument: 0
    Serial: 1718
    Argument1: 4
    Argument2: 0
    ReactionCommand: 0
    SpawnDelay: 0
    Command: 0
    SpawnRange: 0
    Level: 0
    Medal: 0
  EventActivators: []
  WalkPath: []
  ReturnParameters: []
  Signals: []
