- Type: 6
  Flag: 0
  Id: 223
  Teleport:
    Place: 0
    Door: 0
    World: 0
    Unknown: 0
  Unk20: 0
  Unk24: 0
  Entities:
  - ObjectId: 1087
    PositionX: 313.63650512695312
    PositionY: -200
    PositionZ: 746.728271484375
    RotationX: 0
    RotationY: 0
    RotationZ: 0
    SpawnType: 0
    SpawnArgument: 0
    Serial: 34
    Argument1: 0
    Argument2: 0
    ReactionCommand: 0
    SpawnDelay: 0
    Command: 0
    SpawnRange: 0
    Level: 0
    Medal: 0
  EventActivators: []
  WalkPath:
  - Serial: 38
    Flag: 1
    Id: 0
    Positions:
    - X: 469.59130859375
      Y: -216.11819458007812
      Z: 653.051513671875
    - X: 387.47119140625
      Y: -208.99993896484375
      Z: 798.75341796875
    - X: 198.08760070800781
      Y: -184.23191833496094
      Z: 807.11279296875
    - X: 191.37480163574219
      Y: -162.46084594726562
      Z: 681.4281005859375
    - X: 145.57780456542969
      Y: -140.11366271972656
      Z: 596.7269287109375
    - X: -12.151100158691406
      Y: -139.92338562011719
      Z: 691.58685302734375
    - X: 48.541900634765625
      Y: -168.16215515136719
      Z: 838.42767333984375
  ReturnParameters:
  - Id: 0
    Type: 0
    Rate: 0
    EntryType: 0
    Argument04: 0
    Argument08: 0
    Argument0c: 0
  - Id: 0
    Type: 0
    Rate: 0
    EntryType: 0
    Argument04: 0
    Argument08: 0
    Argument0c: 0
  - Id: 0
    Type: 0
    Rate: 0
    EntryType: 0
    Argument04: 0
    Argument08: 0
    Argument0c: 0
  Signals: []
