- Type: 6
  Flag: 0
  Id: 625
  Teleport:
    Place: 0
    Door: 0
    World: 0
    Unknown: 0
  Unk20: 0
  Unk24: 0
  Entities:
  - ObjectId: 1861
    PositionX: -341.78131103515625
    PositionY: -200
    PositionZ: 787.42156982421875
    RotationX: 0
    RotationY: 0
    RotationZ: 0
    SpawnType: 0
    SpawnArgument: 0
    Serial: 48
    Argument1: 0
    Argument2: 0
    ReactionCommand: 1713
    SpawnDelay: 0
    Command: 31
    SpawnRange: 0
    Level: 0
    Medal: 0
  EventActivators:
  - Shape: 0
    Option: 0
    PositionX: -328.68829345703125
    PositionY: -299.99990844726562
    PositionZ: 740.052978515625
    ScaleX: 79.3780517578125
    ScaleY: 100
    ScaleZ: 29.923404693603516
    RotationX: 0
    RotationY: 0.39816424250602722
    RotationZ: 0
    Flags: 0
    Type: 0
    OnBgGroup: 0
    OffBgGroup: 0
  - Shape: 0
    Option: 1
    PositionX: -374.869384765625
    PositionY: -299.99990844726562
    PositionZ: 857.11688232421875
    ScaleX: 79.377998352050781
    ScaleY: 100
    ScaleZ: 29.92340087890625
    RotationX: 0
    RotationY: 0.39816424250602722
    RotationZ: 0
    Flags: 0
    Type: 0
    OnBgGroup: 0
    OffBgGroup: 0
  - Shape: 0
    Option: 0
    PositionX: -283.88330078125
    PositionY: -299.99978637695312
    PositionZ: 634.648681640625
    ScaleX: 51.983299255371094
    ScaleY: 100
    ScaleZ: 29.923404693603516
    RotationX: 0
    RotationY: -0.056038070470094681
    RotationZ: 0
    Flags: 0
    Type: 0
    OnBgGroup: 0
    OffBgGroup: 0
  WalkPath:
  - Serial: 49
    Flag: 1
    Id: 0
    Positions:
    - X: -287.53201293945312
      Y: -202.81449890136719
      Z: 835.28448486328125
    - X: -356.16888427734375
      Y: -206.85722351074219
      Z: 864.80126953125
    - X: -418.89089965820312
      Y: -207.4423828125
      Z: 832.281982421875
    - X: -434.9971923828125
      Y: -208.99995422363281
      Z: 738.72015380859375
    - X: -357.8609619140625
      Y: -203.50001525878906
      Z: 725.2459716796875
    - X: -228.05841064453125
      Y: -198.30757141113281
      Z: 797.9266357421875
    - X: -191.82427978515625
      Y: -182.07048034667969
      Z: 775.400390625
    - X: -191.35330200195312
      Y: -170.57838439941406
      Z: 681.51531982421875
    - X: -258.40097045898438
      Y: -190.70927429199219
      Z: 623.75177001953125
    - X: -343.6727294921875
      Y: -199.99995422363281
      Z: 663.8355712890625
  ReturnParameters:
  - Id: 0
    Type: 2
    Rate: 0
    EntryType: 1
    Argument04: 2157
    Argument08: 0
    Argument0c: 0
  - Id: 0
    Type: 0
    Rate: 0
    EntryType: 0
    Argument04: 0
    Argument08: 0
    Argument0c: 0
  - Id: 0
    Type: 0
    Rate: 0
    EntryType: 0
    Argument04: 0
    Argument08: 0
    Argument0c: 0
  - Id: 1
    Type: 0
    Rate: 20
    EntryType: 1
    Argument04: 1075
    Argument08: 0
    Argument0c: 0
  - Id: 1
    Type: 0
    Rate: 20
    EntryType: 1
    Argument04: 1076
    Argument08: 0
    Argument0c: 0
  - Id: 1
    Type: 0
    Rate: 20
    EntryType: 2
    Argument04: 0
    Argument08: 0
    Argument0c: 0
  - Id: 1
    Type: 3
    Rate: 50
    EntryType: 0
    Argument04: 0
    Argument08: 0
    Argument0c: 0
  Signals: []
