- Type: 6
  Flag: 0
  Id: 245
  Teleport:
    Place: 0
    Door: 0
    World: 0
    Unknown: 0
  Unk20: 0
  Unk24: 0
  Entities:
  - ObjectId: 1087
    PositionX: -350.21859741210938
    PositionY: -3.5000419616699219
    PositionZ: -287.41400146484375
    RotationX: 0
    RotationY: 0
    RotationZ: 0
    SpawnType: 0
    SpawnArgument: 0
    Serial: 36
    Argument1: 0
    Argument2: 0
    ReactionCommand: 0
    SpawnDelay: 0
    Command: 0
    SpawnRange: 0
    Level: 0
    Medal: 0
  EventActivators: []
  WalkPath:
  - Serial: 37
    Flag: 1
    Id: 0
    Positions:
    - X: -335.8546142578125
      Y: 0.29676499962806702
      Z: -436.30450439453125
    - X: -266.99530029296875
      Y: -5.4995222091674805
      Z: -249.15780639648438
    - X: -405.293701171875
      Y: -9.7792453765869141
      Z: -157.86500549316406
    - X: -530.5048828125
      Y: -5.5338149070739746
      Z: -313.63739013671875
    - X: -438.9346923828125
      Y: 1.049999991664663E-05
      Z: -383.19631958007812
    - X: -326.5301513671875
      Y: -5.4656782150268555
      Z: -502.97174072265625
    - X: -391.02456665039062
      Y: -5.9680008888244629
      Z: -554.56732177734375
    - X: -510.79998779296875
      Y: -5.4857430458068848
      Z: -473.48855590820312
    - X: -678.485595703125
      Y: -5.5337891578674316
      Z: -444.00537109375
    - X: -663.74407958984375
      Y: -5.5337638854980469
      Z: -375.82550048828125
    - X: -554.63641357421875
      Y: -5.5338168144226074
      Z: -348.98892211914062
    - X: -556.02001953125
      Y: -5.533811092376709
      Z: -215.23129272460938
    - X: -431.73263549804688
      Y: -1.3099999705445953E-05
      Z: -239.99839782714844
    - X: -412.11129760742188
      Y: 1.0200000360782724E-05
      Z: -388.79730224609375
  ReturnParameters:
  - Id: 0
    Type: 0
    Rate: 0
    EntryType: 0
    Argument04: 0
    Argument08: 0
    Argument0c: 0
  - Id: 0
    Type: 0
    Rate: 0
    EntryType: 0
    Argument04: 0
    Argument08: 0
    Argument0c: 0
  - Id: 0
    Type: 0
    Rate: 0
    EntryType: 0
    Argument04: 0
    Argument08: 0
    Argument0c: 0
  Signals: []
