- Type: 6
  Flag: 0
  Id: 529
  Teleport:
    Place: 0
    Door: 0
    World: 0
    Unknown: 0
  Unk20: 0
  Unk24: 0
  Entities:
  - ObjectId: 1859
    PositionX: 325.63980102539062
    PositionY: -1.1155960237374529E-05
    PositionZ: -293.41531372070312
    RotationX: 0
    RotationY: -2.0300710201263428
    RotationZ: 0
    SpawnType: 0
    SpawnArgument: 0
    Serial: 45
    Argument1: 0
    Argument2: 0
    ReactionCommand: 1698
    SpawnDelay: 0
    Command: 31
    SpawnRange: 0
    Level: 0
    Medal: 0
  EventActivators:
  - Shape: 0
    Option: 0
    PositionX: 410.09100341796875
    PositionY: -103.37550354003906
    PositionZ: -204.36270141601562
    ScaleX: 74.8094482421875
    ScaleY: 100
    ScaleZ: 31.97681999206543
    RotationX: 0
    RotationY: -0.48295214772224426
    RotationZ: 0
    Flags: 0
    Type: 0
    OnBgGroup: 0
    OffBgGroup: 0
  - Shape: 0
    Option: 1
    PositionX: 445.4027099609375
    PositionY: -103.50001525878906
    PositionZ: -309.0089111328125
    ScaleX: 68.458702087402344
    ScaleY: 100
    ScaleZ: 36.568351745605469
    RotationX: 0
    RotationY: -0.0060625355690717697
    RotationZ: 0
    Flags: 0
    Type: 0
    OnBgGroup: 0
    OffBgGroup: 0
  - Shape: 0
    Option: 2
    PositionX: 620.9605712890625
    PositionY: -103.50010681152344
    PositionZ: -257.47470092773438
    ScaleX: 33.413848876953125
    ScaleY: 100
    ScaleZ: 49.660999298095703
    RotationX: 0
    RotationY: 1.8462668657302856
    RotationZ: 0
    Flags: 0
    Type: 0
    OnBgGroup: 0
    OffBgGroup: 0
  - Shape: 0
    Option: 2
    PositionX: 233.48379516601562
    PositionY: -100.29998779296875
    PositionZ: -185.86509704589844
    ScaleX: 33.413848876953125
    ScaleY: 100
    ScaleZ: 49.660999298095703
    RotationX: 0
    RotationY: 1.0992377996444702
    RotationZ: 0
    Flags: 0
    Type: 0
    OnBgGroup: 0
    OffBgGroup: 0
  WalkPath:
  - Serial: 50
    Flag: 1
    Id: 0
    Positions:
    - X: 624.27581787109375
      Y: -7.4999499320983887
      Z: -318.26980590820312
    - X: 590.55694580078125
      Y: -7.5000147819519043
      Z: -214.543701171875
    - X: 457.62680053710938
      Y: -11.000016212463379
      Z: -236.66758728027344
    - X: 318.04141235351562
      Y: -5.2154059410095215
      Z: -148.43400573730469
    - X: 232.08779907226562
      Y: -0.30000001192092896
      Z: -195.58140563964844
    - X: 291.68380737304688
      Y: 5.5953497886657715
      Z: -311.64004516601562
    - X: 475.10659790039062
      Y: -11.000019073486328
      Z: -310.53509521484375
  ReturnParameters:
  - Id: 0
    Type: 0
    Rate: 0
    EntryType: 0
    Argument04: 0
    Argument08: 0
    Argument0c: 0
  - Id: 0
    Type: 0
    Rate: 0
    EntryType: 0
    Argument04: 0
    Argument08: 0
    Argument0c: 0
  - Id: 0
    Type: 0
    Rate: 0
    EntryType: 0
    Argument04: 0
    Argument08: 0
    Argument0c: 0
  - Id: 1
    Type: 0
    Rate: 20
    EntryType: 0
    Argument04: 0
    Argument08: 0
    Argument0c: 0
  - Id: 1
    Type: 0
    Rate: 20
    EntryType: 2
    Argument04: 0
    Argument08: 0
    Argument0c: 0
  - Id: 1
    Type: 3
    Rate: 40
    EntryType: 0
    Argument04: 0
    Argument08: 0
    Argument0c: 0
  - Id: 2
    Type: 0
    Rate: 40
    EntryType: 0
    Argument04: 0
    Argument08: 0
    Argument0c: 0
  - Id: 2
    Type: 0
    Rate: 40
    EntryType: 2
    Argument04: 0
    Argument08: 0
    Argument0c: 0
  - Id: 2
    Type: 3
    Rate: 50
    EntryType: 0
    Argument04: 0
    Argument08: 0
    Argument0c: 0
  Signals: []
