- Type: 6
  Flag: 0
  Id: 433
  Teleport:
    Place: 0
    Door: 0
    World: 0
    Unknown: 0
  Unk20: 0
  Unk24: 0
  Entities:
  - ObjectId: 1858
    PositionX: -523.60009765625
    PositionY: -5.5165061950683594
    PositionZ: -480.59530639648438
    RotationX: 0
    RotationY: 1.7427147626876831
    RotationZ: 0
    SpawnType: 0
    SpawnArgument: 0
    Serial: 42
    Argument1: 0
    Argument2: 0
    ReactionCommand: 1678
    SpawnDelay: 0
    Command: 31
    SpawnRange: 0
    Level: 0
    Medal: 0
  EventActivators:
  - Shape: 0
    Option: 0
    PositionX: -401.73419189453125
    PositionY: -100
    PositionZ: -501.11520385742188
    ScaleX: 107.53959655761719
    ScaleY: 100
    ScaleZ: 44.089569091796875
    RotationX: 0
    RotationY: -0.94591695070266724
    RotationZ: 0
    Flags: 0
    Type: 0
    OnBgGroup: 0
    OffBgGroup: 0
  - Shape: 0
    Option: 1
    PositionX: -484.41268920898438
    PositionY: -100
    PositionZ: -600.6837158203125
    ScaleX: 120.135498046875
    ScaleY: 100
    ScaleZ: 44.461830139160156
    RotationX: 0
    RotationY: -0.3891441822052002
    RotationZ: 0
    Flags: 0
    Type: 0
    OnBgGroup: 0
    OffBgGroup: 0
  - Shape: 0
    Option: 1
    PositionX: -296.30569458007812
    PositionY: -99.999992370605469
    PositionZ: -701.45819091796875
    ScaleX: 29.196849822998047
    ScaleY: 100
    ScaleZ: 69.951499938964844
    RotationX: 0
    RotationY: 0.64670401811599731
    RotationZ: 0
    Flags: 0
    Type: 0
    OnBgGroup: 0
    OffBgGroup: 0
  - Shape: 0
    Option: 1
    PositionX: -567.5936279296875
    PositionY: -99.999992370605469
    PositionZ: -405.5076904296875
    ScaleX: 29.196849822998047
    ScaleY: 100
    ScaleZ: 69.951499938964844
    RotationX: 0
    RotationY: 0.64670401811599731
    RotationZ: 0
    Flags: 0
    Type: 0
    OnBgGroup: 0
    OffBgGroup: 0
  WalkPath:
  - Serial: 68
    Flag: 1
    Id: 0
    Positions:
    - X: -473.45071411132812
      Y: -5.3499698638916016
      Z: -418.78091430664062
    - X: -577.39569091796875
      Y: 6.0000002122251317E-06
      Z: -423.16226196289062
    - X: -560.24591064453125
      Y: -5.5337848663330078
      Z: -574.0230712890625
    - X: -430.98709106445312
      Y: -5.8080787658691406
      Z: -619.10009765625
    - X: -280.2091064453125
      Y: -5.9598937034606934
      Z: -726.80987548828125
    - X: -284.15200805664062
      Y: -9.9999999747524271E-07
      Z: -535.48089599609375
    - X: -321.485595703125
      Y: -1.6555140018463135
      Z: -456.9261474609375
    - X: -391.16952514648438
      Y: 1.9999999949504854E-06
      Z: -496.6566162109375
    - X: -460.38986206054688
      Y: -5.5337915420532227
      Z: -726.1630859375
    - X: -310.36019897460938
      Y: -5.936032772064209
      Z: -670.150390625
  ReturnParameters:
  - Id: 0
    Type: 0
    Rate: 0
    EntryType: 0
    Argument04: 0
    Argument08: 0
    Argument0c: 0
  - Id: 0
    Type: 0
    Rate: 0
    EntryType: 0
    Argument04: 0
    Argument08: 0
    Argument0c: 0
  - Id: 0
    Type: 0
    Rate: 0
    EntryType: 0
    Argument04: 0
    Argument08: 0
    Argument0c: 0
  - Id: 1
    Type: 0
    Rate: 40
    EntryType: 0
    Argument04: 0
    Argument08: 0
    Argument0c: 0
  - Id: 1
    Type: 0
    Rate: 40
    EntryType: 2
    Argument04: 0
    Argument08: 0
    Argument0c: 0
  - Id: 1
    Type: 3
    Rate: 50
    EntryType: 0
    Argument04: 0
    Argument08: 0
    Argument0c: 0
  Signals: []
