- Type: 6
  Flag: 0
  Id: 227
  Teleport:
    Place: 0
    Door: 0
    World: 0
    Unknown: 0
  Unk20: 0
  Unk24: 0
  Entities:
  - ObjectId: 1160
    PositionX: 266.55410766601562
    PositionY: -1.7608830603421666E-05
    PositionZ: -34.063518524169922
    RotationX: 0
    RotationY: -0.4809415340423584
    RotationZ: 0
    SpawnType: 0
    SpawnArgument: 0
    Serial: 25
    Argument1: 0
    Argument2: 0
    ReactionCommand: 1492
    SpawnDelay: 0
    Command: 31
    SpawnRange: 0
    Level: 0
    Medal: 0
  EventActivators:
  - Shape: 0
    Option: 0
    PositionX: 149.93580627441406
    PositionY: -100
    PositionZ: -41.203689575195312
    ScaleX: 160.55064392089844
    ScaleY: 100
    ScaleZ: 48.392730712890625
    RotationX: 0
    RotationY: -1.9121356010437012
    RotationZ: 0
    Flags: 0
    Type: 0
    OnBgGroup: 0
    OffBgGroup: 0
  - Shape: 0
    Option: 0
    PositionX: 373.81698608398438
    PositionY: -100
    PositionZ: -92.826469421386719
    ScaleX: 89.836746215820312
    ScaleY: 100
    ScaleZ: 48.392730712890625
    RotationX: 0
    RotationY: -1.5645588636398315
    RotationZ: 0
    Flags: 0
    Type: 0
    OnBgGroup: 0
    OffBgGroup: 0
  - Shape: 0
    Option: 1
    PositionX: 293.8839111328125
    PositionY: -100
    PositionZ: 138.38710021972656
    ScaleX: 64.853446960449219
    ScaleY: 100
    ScaleZ: 48.392749786376953
    RotationX: 0
    RotationY: -1.7222136259078979
    RotationZ: 0
    Flags: 0
    Type: 0
    OnBgGroup: 0
    OffBgGroup: 0
  WalkPath:
  - Serial: 34
    Flag: 1
    Id: 0
    Positions:
    - X: 263.00619506835938
      Y: -7.4699928518384695E-06
      Z: -212.97630310058594
    - X: 364.4801025390625
      Y: -10.000017166137695
      Z: -184.49240112304688
    - X: 368.04058837890625
      Y: -10.000007629394531
      Z: 14.894900321960449
    - X: 295.145751953125
      Y: -10.000007629394531
      Z: 49.331901550292969
    - X: 291.285888671875
      Y: -10.000017166137695
      Z: 134.89349365234375
    - X: 316.41348266601562
      Y: -9.9999980926513672
      Z: 219.62289428710938
    - X: 248.76423645019531
      Y: -10.000027656555176
      Z: 262.34878540039062
    - X: 200.69764709472656
      Y: -9.9999933242797852
      Z: 157.31440734863281
    - X: 251.37298583984375
      Y: -10.000017166137695
      Z: -57.902099609375
    - X: 138.38909912109375
      Y: -10.000017166137695
      Z: -241.460205078125
    - X: 70.739799499511719
      Y: -10.000017166137695
      Z: -218.31703186035156
    - X: 138.53689575195312
      Y: -10.000027656555176
      Z: -103.62660217285156
    - X: 237.42570495605469
      Y: -9.999995231628418
      Z: 139.16099548339844
    - X: 373.38128662109375
      Y: -10.000017166137695
      Z: 127.05030059814453
    - X: 232.27589416503906
      Y: -10.000007629394531
      Z: -126.64671325683594
  ReturnParameters:
  - Id: 0
    Type: 0
    Rate: 0
    EntryType: 0
    Argument04: 0
    Argument08: 0
    Argument0c: 0
  - Id: 0
    Type: 0
    Rate: 0
    EntryType: 0
    Argument04: 0
    Argument08: 0
    Argument0c: 0
  - Id: 0
    Type: 0
    Rate: 0
    EntryType: 0
    Argument04: 0
    Argument08: 0
    Argument0c: 0
  - Id: 1
    Type: 0
    Rate: 10
    EntryType: 3
    Argument04: 1135653408
    Argument08: -1022498321
    Argument0c: -1007975478
  - Id: 1
    Type: 0
    Rate: 10
    EntryType: 3
    Argument04: 1133352108
    Argument08: -1018064719
    Argument0c: 1139140474
  - Id: 1
    Type: 0
    Rate: 10
    EntryType: 3
    Argument04: 1147077254
    Argument08: -1219466704
    Argument0c: -1034728015
  - Id: 1
    Type: 3
    Rate: 30
    EntryType: 0
    Argument04: 0
    Argument08: 0
    Argument0c: 0
  Signals: []
