- Type: 6
  Flag: 0
  Id: 57
  Teleport:
    Place: 0
    Door: 0
    World: 0
    Unknown: 0
  Unk20: 0
  Unk24: 0
  Entities:
  - ObjectId: 1186
    PositionX: 236.818603515625
    PositionY: -1.0624709830153733E-05
    PositionZ: 233.84429931640625
    RotationX: 0
    RotationY: -2.8088247776031494
    RotationZ: 0
    SpawnType: 0
    SpawnArgument: 0
    Serial: 17
    Argument1: 0
    Argument2: 0
    ReactionCommand: 990
    SpawnDelay: 0
    Command: 31
    SpawnRange: 0
    Level: 0
    Medal: 0
  EventActivators:
  - Shape: 0
    Option: 1
    PositionX: 338.6929931640625
    PositionY: -100
    PositionZ: 210.80810546875
    ScaleX: 85.196502685546875
    ScaleY: 100
    ScaleZ: 37.958950042724609
    RotationX: 0
    RotationY: -0.51925677061080933
    RotationZ: 0
    Flags: 0
    Type: 0
    OnBgGroup: 0
    OffBgGroup: 0
  - Shape: 0
    Option: 1
    PositionX: 126.37409973144531
    PositionY: -100
    PositionZ: 231.63589477539062
    ScaleX: 56.555000305175781
    ScaleY: 100
    ScaleZ: 37.958950042724609
    RotationX: 0
    RotationY: 1.2677242755889893
    RotationZ: 0
    Flags: 0
    Type: 0
    OnBgGroup: 0
    OffBgGroup: 0
  WalkPath:
  - Serial: 35
    Flag: 1
    Id: 0
    Positions:
    - X: 320.11068725585938
      Y: 5.8323889788880479E-06
      Z: 134.98890686035156
    - X: 342.73193359375
      Y: -10.000003814697266
      Z: 183.24749755859375
    - X: 324.23663330078125
      Y: -10.000003814697266
      Z: 244.89430236816406
    - X: 329.1591796875
      Y: -10.000034332275391
      Z: 302.38589477539062
    - X: 288.44097900390625
      Y: -10.00002384185791
      Z: 332.547607421875
    - X: 213.03689575195312
      Y: -10.00002384185791
      Z: 306.91018676757812
    - X: 162.64439392089844
      Y: -9.9999942779541016
      Z: 276.71231079101562
    - X: 117.91220092773438
      Y: -9.9999847412109375
      Z: 189.69639587402344
    - X: 151.33450317382812
      Y: -10.000014305114746
      Z: 133.72453308105469
    - X: 226.60968017578125
      Y: -9.9999942779541016
      Z: 122.92424774169922
    - X: 309.55410766601562
      Y: -10.000003814697266
      Z: 85.222213745117188
    - X: 406.07131958007812
      Y: -10.000003814697266
      Z: 128.95658874511719
    - X: 293.71697998046875
      Y: -9.9999856948852539
      Z: 244.70970153808594
    - X: 145.66470336914062
      Y: -9.9999933242797852
      Z: 258.06549072265625
    - X: 193.77279663085938
      Y: -10.000003814697266
      Z: 150.96403503417969
  ReturnParameters:
  - Id: 0
    Type: 2
    Rate: 0
    EntryType: 1
    Argument04: 1075
    Argument08: 0
    Argument0c: 0
  - Id: 0
    Type: 0
    Rate: 0
    EntryType: 0
    Argument04: 0
    Argument08: 0
    Argument0c: 0
  - Id: 0
    Type: 0
    Rate: 0
    EntryType: 0
    Argument04: 0
    Argument08: 0
    Argument0c: 0
  - Id: 1
    Type: 0
    Rate: 30
    EntryType: 0
    Argument04: 0
    Argument08: 0
    Argument0c: 0
  - Id: 1
    Type: 0
    Rate: 30
    EntryType: 2
    Argument04: 0
    Argument08: 0
    Argument0c: 0
  - Id: 1
    Type: 3
    Rate: 40
    EntryType: 0
    Argument04: 0
    Argument08: 0
    Argument0c: 0
  Signals: []
