- Type: 1
  Flag: 0
  Id: 323
  Teleport:
    Place: 0
    Door: 0
    World: 0
    Unknown: 0
  Unk20: 0
  Unk24: 0
  Entities:
  - ObjectId: 566
    PositionX: 170.41619873046875
    PositionY: -3.1136300094658509E-05
    PositionZ: 52.0377197265625
    RotationX: 0
    RotationY: 1.5626386404037476
    RotationZ: 0
    SpawnType: 1
    SpawnArgument: 20
    Serial: 30
    Argument1: 0
    Argument2: 0
    ReactionCommand: 0
    SpawnDelay: 0
    Command: 0
    SpawnRange: 0
    Level: 0
    Medal: 0
  - ObjectId: 567
    PositionX: 71.235267639160156
    PositionY: -3.1136300094658509E-05
    PositionZ: 152.85009765625
    RotationX: 0
    RotationY: 1.5626386404037476
    RotationZ: 0
    SpawnType: 1
    SpawnArgument: 20
    Serial: 31
    Argument1: 0
    Argument2: 0
    ReactionCommand: 0
    SpawnDelay: 0
    Command: 0
    SpawnRange: 0
    Level: 0
    Medal: 0
  - ObjectId: 568
    PositionX: 69.603767395019531
    PositionY: -3.1136300094658509E-05
    PositionZ: -47.143199920654297
    RotationX: 0
    RotationY: 1.5626386404037476
    RotationZ: 0
    SpawnType: 1
    SpawnArgument: 20
    Serial: 32
    Argument1: 0
    Argument2: 0
    ReactionCommand: 0
    SpawnDelay: 0
    Command: 0
    SpawnRange: 0
    Level: 0
    Medal: 0
  EventActivators: []
  WalkPath: []
  ReturnParameters: []
  Signals: []
