- Type: 1
  Flag: 0
  Id: 291
  Teleport:
    Place: 0
    Door: 0
    World: 0
    Unknown: 0
  Unk20: 0
  Unk24: 0
  Entities:
  - ObjectId: 566
    PositionX: 256.65811157226562
    PositionY: -1.2822650205635E-05
    PositionZ: 50.512271881103516
    RotationX: 0
    RotationY: 2.3502116203308105
    RotationZ: 0
    SpawnType: 1
    SpawnArgument: 29
    Serial: 27
    Argument1: 0
    Argument2: 0
    ReactionCommand: 0
    SpawnDelay: 0
    Command: 0
    SpawnRange: 0
    Level: 0
    Medal: 0
  - ObjectId: 567
    PositionX: 115.23930358886719
    PositionY: -1.2822650205635E-05
    PositionZ: 51.35845947265625
    RotationX: 0
    RotationY: 2.3502116203308105
    RotationZ: 0
    SpawnType: 1
    SpawnArgument: 29
    Serial: 28
    Argument1: 0
    Argument2: 0
    ReactionCommand: 0
    SpawnDelay: 0
    Command: 0
    SpawnRange: 0
    Level: 0
    Medal: 0
  - ObjectId: 568
    PositionX: 255.81190490722656
    PositionY: -1.2822650205635E-05
    PositionZ: -90.906562805175781
    RotationX: 0
    RotationY: 2.3502116203308105
    RotationZ: 0
    SpawnType: 1
    SpawnArgument: 29
    Serial: 29
    Argument1: 0
    Argument2: 0
    ReactionCommand: 0
    SpawnDelay: 0
    Command: 0
    SpawnRange: 0
    Level: 0
    Medal: 0
  EventActivators: []
  WalkPath: []
  ReturnParameters: []
  Signals: []
