- Type: 1
  Flag: 0
  Id: 23
  Teleport:
    Place: 0
    Door: 0
    World: 0
    Unknown: 0
  Unk20: 0
  Unk24: 0
  Entities:
  - ObjectId: 566
    PositionX: 8.682373046875
    PositionY: -354.74798583984375
    PositionZ: 4900.76123046875
    RotationX: 0
    RotationY: 0.17453292012214661
    RotationZ: 0
    SpawnType: 0
    SpawnArgument: 0
    Serial: 4
    Argument1: 0
    Argument2: 0
    ReactionCommand: 0
    SpawnDelay: 0
    Command: 0
    SpawnRange: 0
    Level: 0
    Medal: 0
  - ObjectId: 567
    PositionX: 89.798347473144531
    PositionY: -353.82940673828125
    PositionZ: 5016.60595703125
    RotationX: 0
    RotationY: 0.17453292012214661
    RotationZ: 0
    SpawnType: 0
    SpawnArgument: 0
    Serial: 5
    Argument1: 0
    Argument2: 0
    ReactionCommand: 0
    SpawnDelay: 0
    Command: 0
    SpawnRange: 0
    Level: 0
    Medal: 0
  - ObjectId: 568
    PositionX: -107.16320037841797
    PositionY: -352.18548583984375
    PositionZ: 4981.8759765625
    RotationX: 0
    RotationY: 0.17453292012214661
    RotationZ: 0
    SpawnType: 0
    SpawnArgument: 0
    Serial: 6
    Argument1: 0
    Argument2: 0
    ReactionCommand: 0
    SpawnDelay: 0
    Command: 0
    SpawnRange: 0
    Level: 0
    Medal: 0
  - ObjectId: 1113
    PositionX: 1224.219970703125
    PositionY: 143.35600280761719
    PositionZ: -1992.89501953125
    RotationX: 0
    RotationY: -2.9670596122741699
    RotationZ: 0
    SpawnType: 0
    SpawnArgument: 0
    Serial: 7
    Argument1: 0
    Argument2: 0
    ReactionCommand: 0
    SpawnDelay: 0
    Command: 0
    SpawnRange: 0
    Level: 0
    Medal: 0
  EventActivators: []
  WalkPath: []
  ReturnParameters: []
  Signals: []
