- Type: 6
  Flag: 0
  Id: 829
  Teleport:
    Place: 0
    Door: 0
    World: 0
    Unknown: 0
  Unk20: 0
  Unk24: 0
  Entities:
  - ObjectId: 1261
    PositionX: -302.98159790039062
    PositionY: 4.8691399570088834E-06
    PositionZ: -437.2410888671875
    RotationX: 0
    RotationY: 1.2219794988632202
    RotationZ: 0
    SpawnType: 0
    SpawnArgument: 0
    Serial: 74
    Argument1: 0
    Argument2: 0
    ReactionCommand: 1655
    SpawnDelay: 0
    Command: 31
    SpawnRange: 0
    Level: 0
    Medal: 0
  EventActivators:
  - Shape: 0
    Option: 0
    PositionX: -228.27070617675781
    PositionY: -100.00000762939453
    PositionZ: -411.33261108398438
    ScaleX: 104.40814971923828
    ScaleY: 100
    ScaleZ: 40.905723571777344
    RotationX: 0
    RotationY: 0.16686075925827026
    RotationZ: 0
    Flags: 0
    Type: 0
    OnBgGroup: 0
    OffBgGroup: 0
  - Shape: 0
    Option: 1
    PositionX: -89.423370361328125
    PositionY: -100
    PositionZ: -577.09930419921875
    ScaleX: 104.40799713134766
    ScaleY: 100
    ScaleZ: 40.90570068359375
    RotationX: 0
    RotationY: -0.52025139331817627
    RotationZ: 0
    Flags: 0
    Type: 0
    OnBgGroup: 0
    OffBgGroup: 0
  WalkPath:
  - Serial: 91
    Flag: 1
    Id: 0
    Positions:
    - X: -132.61070251464844
      Y: 6.8324329731694888E-06
      Z: -392.32620239257812
    - X: -91.890769958496094
      Y: -4.0605668800708372E-06
      Z: -289.97711181640625
    - X: -252.02420043945312
      Y: -3.3852570595627185E-06
      Z: -274.52780151367188
    - X: -306.07470703125
      Y: -1.0314696737623308E-05
      Z: -433.054931640625
    - X: -160.27684020996094
      Y: 1.507361503172433E-05
      Z: -534.03570556640625
    - X: -32.773529052734375
      Y: 1.1395964975235984E-05
      Z: -618.17047119140625
    - X: 82.51300048828125
      Y: 8.9056657088804059E-06
      Z: -675.14190673828125
    - X: 75.1365966796875
      Y: 7.0149171733646654E-06
      Z: -718.397216796875
    - X: -82.84832763671875
      Y: 8.8758552010403946E-06
      Z: -675.82391357421875
    - X: -228.36494445800781
      Y: 1.4575653040083125E-05
      Z: -545.42767333984375
    - X: -195.45976257324219
      Y: 1.9934483134420589E-05
      Z: -422.83203125
    - X: -56.271381378173828
      Y: 1.5153293134062551E-05
      Z: -532.212890625
    - X: 13.517399787902832
      Y: 8.2951910371775739E-06
      Z: -689.10791015625
    - X: -43.126800537109375
      Y: 7.8442299127345905E-06
      Z: -699.4246826171875
    - X: -179.73809814453125
      Y: 1.3249846233520657E-05
      Z: -575.75860595703125
    - X: -344.989501953125
      Y: 1.6034344298532233E-05
      Z: -512.05670166015625
    - X: -355.90719604492188
      Y: 1.8969383745570667E-05
      Z: -444.91085815429688
  ReturnParameters:
  - Id: 0
    Type: 2
    Rate: 0
    EntryType: 0
    Argument04: 0
    Argument08: 0
    Argument0c: 0
  - Id: 1
    Type: 0
    Rate: 20
    EntryType: 2
    Argument04: 0
    Argument08: 0
    Argument0c: 0
  - Id: 1
    Type: 0
    Rate: 10
    EntryType: 3
    Argument04: 1134049277
    Argument08: -1071639492
    Argument0c: -1013433192
  - Id: 1
    Type: 3
    Rate: 30
    EntryType: 0
    Argument04: 0
    Argument08: 0
    Argument0c: 0
  Signals: []
