- Type: 6
  Flag: 0
  Id: 802
  Teleport:
    Place: 0
    Door: 0
    World: 0
    Unknown: 0
  Unk20: 0
  Unk24: 0
  Entities:
  - ObjectId: 1077
    PositionX: -394.08340454101562
    PositionY: -401.65740966796875
    PositionZ: 499.56869506835938
    RotationX: 0
    RotationY: 0
    RotationZ: 0
    SpawnType: 0
    SpawnArgument: 0
    Serial: 99
    Argument1: 0
    Argument2: 0
    ReactionCommand: 1524
    SpawnDelay: 0
    Command: 31
    SpawnRange: 0
    Level: 0
    Medal: 0
  EventActivators:
  - Shape: 0
    Option: 1
    PositionX: -118.09639739990234
    PositionY: -534.293212890625
    PositionZ: 841.7567138671875
    ScaleX: 143.33000183105469
    ScaleY: 100
    ScaleZ: 68.866996765136719
    RotationX: 0
    RotationY: -0.8654705286026001
    RotationZ: 0
    Flags: 0
    Type: 0
    OnBgGroup: 0
    OffBgGroup: 0
  - Shape: 0
    Option: 1
    PositionX: -675.82373046875
    PositionY: -534.293212890625
    PositionZ: 553.59759521484375
    ScaleX: 143.33000183105469
    ScaleY: 100
    ScaleZ: 68.866996765136719
    RotationX: 0
    RotationY: -0.68740332126617432
    RotationZ: 0
    Flags: 0
    Type: 0
    OnBgGroup: 0
    OffBgGroup: 0
  WalkPath:
  - Serial: 100
    Flag: 1
    Id: 0
    Positions:
    - X: -487.97650146484375
      Y: -536.548095703125
      Z: 921.7332763671875
    - X: -638.94781494140625
      Y: -534.2530517578125
      Z: 951.62371826171875
    - X: -750.82659912109375
      Y: -534.25311279296875
      Z: 669.33978271484375
    - X: -537.4281005859375
      Y: -548.0230712890625
      Z: 449.02069091796875
    - X: -360.67831420898438
      Y: -550.3179931640625
      Z: 516.264892578125
    - X: -129.65559387207031
      Y: -543.43310546875
      Z: 530.40911865234375
    - X: -25.93120002746582
      Y: -529.66314697265625
      Z: 671.85162353515625
    - X: -181.51789855957031
      Y: -529.6630859375
      Z: 898.1595458984375
    - X: -289.95709228515625
      Y: -527.36810302734375
      Z: 1020.7429809570312
  ReturnParameters:
  - Id: 0
    Type: 0
    Rate: 0
    EntryType: 0
    Argument04: 0
    Argument08: 0
    Argument0c: 0
  - Id: 0
    Type: 0
    Rate: 0
    EntryType: 0
    Argument04: 0
    Argument08: 0
    Argument0c: 0
  - Id: 0
    Type: 0
    Rate: 0
    EntryType: 0
    Argument04: 0
    Argument08: 0
    Argument0c: 0
  - Id: 1
    Type: 0
    Rate: 10
    EntryType: 0
    Argument04: 0
    Argument08: 0
    Argument0c: 0
  - Id: 1
    Type: 3
    Rate: 30
    EntryType: 0
    Argument04: 0
    Argument08: 0
    Argument0c: 0
  - Id: 1
    Type: 0
    Rate: 20
    EntryType: 2
    Argument04: 0
    Argument08: 0
    Argument0c: 0
  Signals: []
