- Type: 6
  Flag: 0
  Id: 972
  Teleport:
    Place: 0
    Door: 0
    World: 0
    Unknown: 0
  Unk20: 0
  Unk24: 0
  Entities:
  - ObjectId: 1078
    PositionX: -157.1083984375
    PositionY: -560.381591796875
    PositionZ: -123.64820098876953
    RotationX: 0
    RotationY: -0.35691022872924805
    RotationZ: 0
    SpawnType: 0
    SpawnArgument: 0
    Serial: 109
    Argument1: 0
    Argument2: 0
    ReactionCommand: 1498
    SpawnDelay: 0
    Command: 31
    SpawnRange: 0
    Level: 0
    Medal: 0
  EventActivators:
  - Shape: 0
    Option: 0
    PositionX: -113.04309844970703
    PositionY: -550.6541748046875
    PositionZ: -179.28169250488281
    ScaleX: 100
    ScaleY: 100
    ScaleZ: 52.497699737548828
    RotationX: 0
    RotationY: 0.17510172724723816
    RotationZ: 0
    Flags: 0
    Type: 0
    OnBgGroup: 0
    OffBgGroup: 0
  - Shape: 0
    Option: 1
    PositionX: -282.35470581054688
    PositionY: -550.6541748046875
    PositionZ: 26.748109817504883
    ScaleX: 100
    ScaleY: 100
    ScaleZ: 52.497501373291016
    RotationX: 0
    RotationY: -0.12015652656555176
    RotationZ: 0
    Flags: 0
    Type: 0
    OnBgGroup: 0
    OffBgGroup: 0
  WalkPath:
  - Serial: 110
    Flag: 1
    Id: 0
    Positions:
    - X: -36.352691650390625
      Y: -553.64599609375
      Z: -43.952289581298828
    - X: -56.796348571777344
      Y: -547.52667236328125
      Z: -166.61428833007812
    - X: -230.56748962402344
      Y: -546.5845947265625
      Z: -184.50248718261719
    - X: -238.23388671875
      Y: -538.5682373046875
      Z: -95.061439514160156
    - X: -314.8975830078125
      Y: -547.943603515625
      Z: -38.84136962890625
    - X: -230.56748962402344
      Y: -568.6484375
      Z: 55.7105712890625
    - X: -148.79278564453125
      Y: -557.9169921875
      Z: -72.06231689453125
    - X: -368.56219482421875
      Y: -535.34429931640625
      Z: -112.94963836669922
    - X: -391.561279296875
      Y: -562.5006103515625
      Z: 25.045070648193359
  ReturnParameters:
  - Id: 0
    Type: 0
    Rate: 0
    EntryType: 0
    Argument04: 0
    Argument08: 0
    Argument0c: 0
  - Id: 0
    Type: 0
    Rate: 0
    EntryType: 0
    Argument04: 0
    Argument08: 0
    Argument0c: 0
  - Id: 0
    Type: 0
    Rate: 0
    EntryType: 0
    Argument04: 0
    Argument08: 0
    Argument0c: 0
  - Id: 1
    Type: 0
    Rate: 20
    EntryType: 0
    Argument04: 0
    Argument08: 0
    Argument0c: 0
  - Id: 1
    Type: 0
    Rate: 10
    EntryType: 2
    Argument04: 0
    Argument08: 0
    Argument0c: 0
  - Id: 1
    Type: 3
    Rate: 40
    EntryType: 0
    Argument04: 0
    Argument08: 0
    Argument0c: 0
  Signals: []
