- Type: 6
  Flag: 0
  Id: 1430
  Teleport:
    Place: 0
    Door: 0
    World: 0
    Unknown: 0
  Unk20: 0
  Unk24: 0
  Entities:
  - ObjectId: 1079
    PositionX: 383.14898681640625
    PositionY: -662.15277099609375
    PositionZ: 662.390625
    RotationX: 0
    RotationY: -0.95299726724624634
    RotationZ: 0
    SpawnType: 0
    SpawnArgument: 0
    Serial: 137
    Argument1: 0
    Argument2: 0
    ReactionCommand: 1503
    SpawnDelay: 0
    Command: 31
    SpawnRange: 0
    Level: 0
    Medal: 0
  EventActivators:
  - Shape: 0
    Option: 1
    PositionX: 406.85430908203125
    PositionY: -714.30108642578125
    PositionZ: 449.45309448242188
    ScaleX: 141.41749572753906
    ScaleY: 100
    ScaleZ: 71.765998840332031
    RotationX: 0
    RotationY: 0.12538188695907593
    RotationZ: 0
    Flags: 0
    Type: 0
    OnBgGroup: 0
    OffBgGroup: 0
  - Shape: 0
    Option: 1
    PositionX: 522.83587646484375
    PositionY: -714.30108642578125
    PositionZ: 895.14007568359375
    ScaleX: 271.24099731445312
    ScaleY: 100
    ScaleZ: 80.775001525878906
    RotationX: 0
    RotationY: 0.32129538059234619
    RotationZ: 0
    Flags: 0
    Type: 0
    OnBgGroup: 0
    OffBgGroup: 0
  WalkPath:
  - Serial: 138
    Flag: 1
    Id: 0
    Positions:
    - X: 217.91630554199219
      Y: -669.40802001953125
      Z: 917.80181884765625
    - X: 230.79179382324219
      Y: -696.56854248046875
      Z: 766.18267822265625
    - X: 632.53228759765625
      Y: -674.728759765625
      Z: 929.1744384765625
    - X: 841.285888671875
      Y: -665.84332275390625
      Z: 957.17523193359375
    - X: 851.517578125
      Y: -681.32513427734375
      Z: 684.32867431640625
    - X: 623.22637939453125
      Y: -694.85772705078125
      Z: 652.51458740234375
    - X: 442.75790405273438
      Y: -679.51092529296875
      Z: 685.58880615234375
    - X: 200.51997375488281
      Y: -687.5260009765625
      Z: 662.50018310546875
    - X: 297.4227294921875
      Y: -705.02459716796875
      Z: 432.02130126953125
    - X: 544.24359130859375
      Y: -701.9039306640625
      Z: 520.87677001953125
    - X: 504.52859497070312
      Y: -669.70782470703125
      Z: 881.17303466796875
    - X: 383.93438720703125
      Y: -674.97381591796875
      Z: 1011.2186889648438
  ReturnParameters:
  - Id: 0
    Type: 2
    Rate: 0
    EntryType: 1
    Argument04: 1077
    Argument08: 0
    Argument0c: 0
  - Id: 0
    Type: 0
    Rate: 0
    EntryType: 0
    Argument04: 0
    Argument08: 0
    Argument0c: 0
  - Id: 0
    Type: 0
    Rate: 0
    EntryType: 0
    Argument04: 0
    Argument08: 0
    Argument0c: 0
  - Id: 1
    Type: 0
    Rate: 10
    EntryType: 0
    Argument04: 0
    Argument08: 0
    Argument0c: 0
  - Id: 1
    Type: 0
    Rate: 5
    EntryType: 2
    Argument04: 0
    Argument08: 0
    Argument0c: 0
  - Id: 1
    Type: 3
    Rate: 90
    EntryType: 0
    Argument04: 0
    Argument08: 0
    Argument0c: 0
  Signals: []
