- Type: 3
  Flag: 0
  Id: 35
  Teleport:
    Place: 9
    Door: 0
    World: 0
    Unknown: 0
  Unk20: 0
  Unk24: 0
  Entities: []
  EventActivators:
  - Shape: 0
    Option: 0
    PositionX: -678.28802490234375
    PositionY: 565.06500244140625
    PositionZ: -2764.449951171875
    ScaleX: 255.82099914550781
    ScaleY: 500.0050048828125
    ScaleZ: 953.55499267578125
    RotationX: 0
    RotationY: -1.4311699867248535
    RotationZ: 0
    Flags: 0
    Type: 0
    OnBgGroup: 0
    OffBgGroup: 0
  WalkPath: []
  ReturnParameters: []
  Signals: []
