- Type: 1
  Flag: 0
  Id: 19
  Teleport:
    Place: 4
    Door: 0
    World: 2
    Unknown: 0
  Unk20: 0
  Unk24: 0
  Entities: []
  EventActivators:
  - Shape: 0
    Option: 0
    PositionX: 2719.85205078125
    PositionY: -627.69549560546875
    PositionZ: 1810.7939453125
    ScaleX: 138.83740234375
    ScaleY: 943.38702392578125
    ScaleZ: 656.28302001953125
    RotationX: 0
    RotationY: -2.5307273864746094
    RotationZ: 0
    Flags: 0
    Type: 0
    OnBgGroup: 0
    OffBgGroup: 0
  - Shape: 0
    Option: 1
    PositionX: 2932.281005859375
    PositionY: -540.70068359375
    PositionZ: 1746.7650146484375
    ScaleX: 541.53997802734375
    ScaleY: 1000
    ScaleZ: 946.66998291015625
    RotationX: 0
    RotationY: -2.6179938316345215
    RotationZ: 0
    Flags: 0
    Type: 0
    OnBgGroup: 0
    OffBgGroup: 0
  - Shape: 0
    Option: 1
    PositionX: 2718.283935546875
    PositionY: -551.05670166015625
    PositionZ: 2312.462890625
    ScaleX: 815.219970703125
    ScaleY: 1020.0250244140625
    ScaleZ: 750.71649169921875
    RotationX: 0
    RotationY: -0.34906584024429321
    RotationZ: 0
    Flags: 0
    Type: 0
    OnBgGroup: 0
    OffBgGroup: 0
  WalkPath: []
  ReturnParameters: []
  Signals: []
