- Type: 1
  Flag: 0
  Id: 21
  Teleport:
    Place: 12
    Door: 0
    World: 2
    Unknown: 0
  Unk20: 0
  Unk24: 0
  Entities: []
  EventActivators:
  - Shape: 0
    Option: 0
    PositionX: 2719.85009765625
    PositionY: -627.69500732421875
    PositionZ: 1810.7900390625
    ScaleX: 138.84750366210938
    ScaleY: 943.385009765625
    ScaleZ: 656.28497314453125
    RotationX: 0
    RotationY: -2.5307273864746094
    RotationZ: 0
    Flags: 0
    Type: 0
    OnBgGroup: 0
    OffBgGroup: 0
  - Shape: 0
    Option: 1
    PositionX: 2930.761962890625
    PositionY: -540.70001220703125
    PositionZ: 1749.4410400390625
    ScaleX: 541.95648193359375
    ScaleY: 1000
    ScaleZ: 946.68499755859375
    RotationX: 0
    RotationY: -2.6179938316345215
    RotationZ: 0
    Flags: 0
    Type: 0
    OnBgGroup: 0
    OffBgGroup: 0
  - Shape: 0
    Option: 1
    PositionX: 2718.01806640625
    PositionY: -551.05499267578125
    PositionZ: 2311.743896484375
    ScaleX: 815.219970703125
    ScaleY: 1020.0250244140625
    ScaleZ: 749.9530029296875
    RotationX: 0
    RotationY: -0.34906584024429321
    RotationZ: 0
    Flags: 0
    Type: 0
    OnBgGroup: 0
    OffBgGroup: 0
  WalkPath: []
  ReturnParameters: []
  Signals: []
