- Type: 1
  Flag: 0
  Id: 70
  Teleport:
    Place: 0
    Door: 0
    World: 0
    Unknown: 0
  Unk20: 0
  Unk24: 0
  Entities:
  - ObjectId: 566
    PositionX: -187.62460327148438
    PositionY: 0.0001031716019497253
    PositionZ: -1546.18994140625
    RotationX: 0
    RotationY: -2.5307273864746094
    RotationZ: 0
    SpawnType: 1
    SpawnArgument: 50
    Serial: 5
    Argument1: 0
    Argument2: 0
    ReactionCommand: 0
    SpawnDelay: 0
    Command: 0
    SpawnRange: 0
    Level: 0
    Medal: 0
  - ObjectId: 567
    PositionX: -212.59730529785156
    PositionY: 0.00010918099724221975
    PositionZ: -1687.8170166015625
    RotationX: 0
    RotationY: -2.5307273864746094
    RotationZ: 0
    SpawnType: 1
    SpawnArgument: 50
    Serial: 28
    Argument1: 0
    Argument2: 0
    ReactionCommand: 0
    SpawnDelay: 0
    Command: 0
    SpawnRange: 0
    Level: 0
    Medal: 0
  - ObjectId: 568
    PositionX: -45.996971130371094
    PositionY: 0.00010501660290174186
    PositionZ: -1571.1629638671875
    RotationX: 0
    RotationY: -2.5307273864746094
    RotationZ: 0
    SpawnType: 1
    SpawnArgument: 50
    Serial: 29
    Argument1: 0
    Argument2: 0
    ReactionCommand: 0
    SpawnDelay: 0
    Command: 0
    SpawnRange: 0
    Level: 0
    Medal: 0
  EventActivators: []
  WalkPath: []
  ReturnParameters: []
  Signals: []
