- Type: 1
  Flag: 0
  Id: 2
  Teleport:
    Place: 0
    Door: 0
    World: 0
    Unknown: 0
  Unk20: 0
  Unk24: 0
  Entities:
  - ObjectId: 566
    PositionX: 612.89910888671875
    PositionY: -346.49700927734375
    PositionZ: 1873.0159912109375
    RotationX: 0
    RotationY: -0.34906566143035889
    RotationZ: 0
    SpawnType: 1
    SpawnArgument: 0
    Serial: 30
    Argument1: 0
    Argument2: 0
    ReactionCommand: 0
    SpawnDelay: 0
    Command: 0
    SpawnRange: 0
    Level: 0
    Medal: 0
  - ObjectId: 567
    PositionX: 741.07037353515625
    PositionY: -363.341796875
    PositionZ: 1932.782958984375
    RotationX: 0
    RotationY: -0.34906566143035889
    RotationZ: 0
    SpawnType: 1
    SpawnArgument: 0
    Serial: 31
    Argument1: 0
    Argument2: 0
    ReactionCommand: 0
    SpawnDelay: 0
    Command: 0
    SpawnRange: 0
    Level: 0
    Medal: 0
  - ObjectId: 568
    PositionX: 553.13177490234375
    PositionY: -367.218994140625
    PositionZ: 2001.18701171875
    RotationX: 0
    RotationY: -0.34906566143035889
    RotationZ: 0
    SpawnType: 1
    SpawnArgument: 0
    Serial: 32
    Argument1: 0
    Argument2: 0
    ReactionCommand: 0
    SpawnDelay: 0
    Command: 0
    SpawnRange: 0
    Level: 0
    Medal: 0
  EventActivators: []
  WalkPath: []
  ReturnParameters: []
  Signals: []
