- Type: 1
  Flag: 0
  Id: 31
  Teleport:
    Place: 12
    Door: 1
    World: 2
    Unknown: 0
  Unk20: 0
  Unk24: 0
  Entities: []
  EventActivators:
  - Shape: 0
    Option: 0
    PositionX: 700
    PositionY: -871.1929931640625
    PositionZ: 2100
    ScaleX: 50
    ScaleY: 600
    ScaleZ: 362.70199584960938
    RotationX: 0
    RotationY: -1.9198621511459351
    RotationZ: 0
    Flags: 0
    Type: 0
    OnBgGroup: 0
    OffBgGroup: 0
  - Shape: 0
    Option: 1
    PositionX: 750
    PositionY: -925.5670166015625
    PositionZ: 2200
    ScaleX: 400
    ScaleY: 700
    ScaleZ: 425.9735107421875
    RotationX: 0
    RotationY: -1.9198621511459351
    RotationZ: 0
    Flags: 0
    Type: 0
    OnBgGroup: 0
    OffBgGroup: 0
  WalkPath: []
  ReturnParameters: []
  Signals: []
