- Type: 1
  Flag: 0
  Id: 286
  Teleport:
    Place: 0
    Door: 0
    World: 0
    Unknown: 0
  Unk20: 0
  Unk24: 0
  Entities:
  - ObjectId: 335
    PositionX: -397.94000244140625
    PositionY: -240.99180603027344
    PositionZ: 1115.5400390625
    RotationX: 0
    RotationY: 0
    RotationZ: 0
    SpawnType: 0
    SpawnArgument: 0
    Serial: 81
    Argument1: 0
    Argument2: 0
    ReactionCommand: 0
    SpawnDelay: 0
    Command: 0
    SpawnRange: 0
    Level: 0
    Medal: 0
  - ObjectId: 336
    PositionX: -578.42901611328125
    PositionY: -181.04299926757812
    PositionZ: 1087.8900146484375
    RotationX: 0
    RotationY: 0.67095518112182617
    RotationZ: 0
    SpawnType: 0
    SpawnArgument: 0
    Serial: 82
    Argument1: 0
    Argument2: 0
    ReactionCommand: 0
    SpawnDelay: 0
    Command: 0
    SpawnRange: 0
    Level: 0
    Medal: 0
  - ObjectId: 336
    PositionX: 585.76019287109375
    PositionY: -279.4971923828125
    PositionZ: 975.21771240234375
    RotationX: 0
    RotationY: -0.40372887253761292
    RotationZ: 0
    SpawnType: 0
    SpawnArgument: 0
    Serial: 83
    Argument1: 0
    Argument2: 0
    ReactionCommand: 0
    SpawnDelay: 0
    Command: 0
    SpawnRange: 0
    Level: 0
    Medal: 0
  - ObjectId: 334
    PositionX: 454.45989990234375
    PositionY: -257.62960815429688
    PositionZ: 884.8306884765625
    RotationX: 0
    RotationY: -3.0501270294189453
    RotationZ: 0
    SpawnType: 0
    SpawnArgument: 0
    Serial: 84
    Argument1: 0
    Argument2: 0
    ReactionCommand: 0
    SpawnDelay: 0
    Command: 0
    SpawnRange: 0
    Level: 0
    Medal: 0
  - ObjectId: 334
    PositionX: 635.3651123046875
    PositionY: -302.00808715820312
    PositionZ: 1144.1729736328125
    RotationX: 0
    RotationY: -1.6994915008544922
    RotationZ: 0
    SpawnType: 0
    SpawnArgument: 0
    Serial: 85
    Argument1: 0
    Argument2: 0
    ReactionCommand: 0
    SpawnDelay: 0
    Command: 0
    SpawnRange: 0
    Level: 0
    Medal: 0
  EventActivators: []
  WalkPath: []
  ReturnParameters: []
  Signals: []
