- Type: 2
  Flag: 0
  Id: 63
  Teleport:
    Place: 0
    Door: 0
    World: 0
    Unknown: 0
  Unk20: 0
  Unk24: 0
  Entities:
  - ObjectId: 302
    PositionX: -1726.5689697265625
    PositionY: -2544.9990234375
    PositionZ: -139.65220642089844
    RotationX: 0
    RotationY: -2.4377956390380859
    RotationZ: 0
    SpawnType: 2
    SpawnArgument: 0
    Serial: 20
    Argument1: 0
    Argument2: 0
    ReactionCommand: 0
    SpawnDelay: 8
    Command: 0
    SpawnRange: 0
    Level: 0
    Medal: 0
  - ObjectId: 302
    PositionX: -1505.8409423828125
    PositionY: -2584.9990234375
    PositionZ: -476.96438598632812
    RotationX: 0
    RotationY: -2.4377956390380859
    RotationZ: 0
    SpawnType: 2
    SpawnArgument: 0
    Serial: 19
    Argument1: 0
    Argument2: 0
    ReactionCommand: 0
    SpawnDelay: 8
    Command: 0
    SpawnRange: 0
    Level: 0
    Medal: 0
  - ObjectId: 302
    PositionX: -1488.550048828125
    PositionY: -2604.9990234375
    PositionZ: -265.5382080078125
    RotationX: 0
    RotationY: -2.4377956390380859
    RotationZ: 0
    SpawnType: 2
    SpawnArgument: 0
    Serial: 18
    Argument1: 0
    Argument2: 0
    ReactionCommand: 0
    SpawnDelay: 8
    Command: 0
    SpawnRange: 0
    Level: 0
    Medal: 0
  EventActivators:
  - Shape: 1
    Option: 0
    PositionX: -1634.760009765625
    PositionY: -2800
    PositionZ: -287.16500854492188
    ScaleX: 585.260009765625
    ScaleY: 600
    ScaleZ: 583.719970703125
    RotationX: 0
    RotationY: -0.30193847417831421
    RotationZ: 0
    Flags: 0
    Type: 0
    OnBgGroup: 0
    OffBgGroup: 0
  WalkPath: []
  ReturnParameters: []
  Signals: []
- Type: 2
  Flag: 0
  Id: 64
  Teleport:
    Place: 0
    Door: 0
    World: 0
    Unknown: 0
  Unk20: 0
  Unk24: 0
  Entities:
  - ObjectId: 302
    PositionX: -2648.214111328125
    PositionY: -2005
    PositionZ: 1283.68994140625
    RotationX: 0
    RotationY: -2.4377956390380859
    RotationZ: 0
    SpawnType: 2
    SpawnArgument: 0
    Serial: 37
    Argument1: 0
    Argument2: 0
    ReactionCommand: 0
    SpawnDelay: 8
    Command: 0
    SpawnRange: 0
    Level: 0
    Medal: 0
  - ObjectId: 302
    PositionX: -2513.027099609375
    PositionY: -2005
    PositionZ: 1201.68701171875
    RotationX: 0
    RotationY: -2.4377956390380859
    RotationZ: 0
    SpawnType: 2
    SpawnArgument: 0
    Serial: 21
    Argument1: 0
    Argument2: 0
    ReactionCommand: 0
    SpawnDelay: 8
    Command: 0
    SpawnRange: 0
    Level: 0
    Medal: 0
  EventActivators:
  - Shape: 1
    Option: 0
    PositionX: -2520.4150390625
    PositionY: -2318.054931640625
    PositionZ: 1238.5760498046875
    ScaleX: 585.260009765625
    ScaleY: 600
    ScaleZ: 583.719970703125
    RotationX: 0
    RotationY: -0.30193847417831421
    RotationZ: 0
    Flags: 0
    Type: 0
    OnBgGroup: 0
    OffBgGroup: 0
  WalkPath: []
  ReturnParameters: []
  Signals: []
