- Type: 2
  Flag: 0
  Id: 159
  Teleport:
    Place: 0
    Door: 0
    World: 0
    Unknown: 0
  Unk20: 0
  Unk24: 0
  Entities:
  - ObjectId: 14
    PositionX: -2247.012939453125
    PositionY: -2100
    PositionZ: 1765.4150390625
    RotationX: 0
    RotationY: -2.437788724899292
    RotationZ: 0
    SpawnType: 2
    SpawnArgument: 0
    Serial: 32
    Argument1: 0
    Argument2: 0
    ReactionCommand: 0
    SpawnDelay: 0
    Command: 0
    SpawnRange: 0
    Level: 0
    Medal: 0
  - ObjectId: 14
    PositionX: -2134.8779296875
    PositionY: -2150
    PositionZ: 1401.510986328125
    RotationX: 0
    RotationY: -2.437788724899292
    RotationZ: 0
    SpawnType: 2
    SpawnArgument: 0
    Serial: 31
    Argument1: 0
    Argument2: 0
    ReactionCommand: 0
    SpawnDelay: 0
    Command: 0
    SpawnRange: 0
    Level: 0
    Medal: 0
  EventActivators:
  - Shape: 0
    Option: 0
    PositionX: -2168.884033203125
    PositionY: -1945.9794921875
    PositionZ: 1603.5350341796875
    ScaleX: 369.5166015625
    ScaleY: 245.97944641113281
    ScaleZ: 431.92898559570312
    RotationX: 0
    RotationY: -1.421436071395874
    RotationZ: 0
    Flags: 0
    Type: 0
    OnBgGroup: 0
    OffBgGroup: 0
  WalkPath: []
  ReturnParameters: []
  Signals: []
- Type: 2
  Flag: 0
  Id: 160
  Teleport:
    Place: 0
    Door: 0
    World: 0
    Unknown: 0
  Unk20: 0
  Unk24: 0
  Entities:
  - ObjectId: 14
    PositionX: -1256.3690185546875
    PositionY: -3000
    PositionZ: 151.0924072265625
    RotationX: 0
    RotationY: -2.437788724899292
    RotationZ: 0
    SpawnType: 2
    SpawnArgument: 0
    Serial: 35
    Argument1: 0
    Argument2: 0
    ReactionCommand: 0
    SpawnDelay: 15
    Command: 0
    SpawnRange: 0
    Level: 0
    Medal: 0
  - ObjectId: 14
    PositionX: -886.701904296875
    PositionY: -3000
    PositionZ: 333.70278930664062
    RotationX: 0
    RotationY: -2.437788724899292
    RotationZ: 0
    SpawnType: 2
    SpawnArgument: 0
    Serial: 34
    Argument1: 0
    Argument2: 0
    ReactionCommand: 0
    SpawnDelay: 15
    Command: 0
    SpawnRange: 0
    Level: 0
    Medal: 0
  - ObjectId: 14
    PositionX: -997.51959228515625
    PositionY: -3000
    PositionZ: -153.86199951171875
    RotationX: 0
    RotationY: -2.437788724899292
    RotationZ: 0
    SpawnType: 2
    SpawnArgument: 0
    Serial: 33
    Argument1: 0
    Argument2: 0
    ReactionCommand: 0
    SpawnDelay: 15
    Command: 0
    SpawnRange: 0
    Level: 0
    Medal: 0
  EventActivators:
  - Shape: 0
    Option: 0
    PositionX: -1277.3260498046875
    PositionY: -2745.9794921875
    PositionZ: -200.1708984375
    ScaleX: 442.71743774414062
    ScaleY: 245.97950744628906
    ScaleZ: 431.92898559570312
    RotationX: 0
    RotationY: 0.13101674616336823
    RotationZ: 0
    Flags: 0
    Type: 0
    OnBgGroup: 0
    OffBgGroup: 0
  - Shape: 0
    Option: 0
    PositionX: -930.186279296875
    PositionY: -2895.9794921875
    PositionZ: 169.19050598144531
    ScaleX: 406.09576416015625
    ScaleY: 245.97950744628906
    ScaleZ: 445.69241333007812
    RotationX: 0
    RotationY: 1.3989925384521484
    RotationZ: 0
    Flags: 0
    Type: 0
    OnBgGroup: 0
    OffBgGroup: 0
  WalkPath: []
  ReturnParameters: []
  Signals: []
