- Type: 3
  Flag: 0
  Id: 26
  Teleport:
    Place: 9
    Door: 0
    World: 0
    Unknown: 0
  Unk20: 0
  Unk24: 0
  Entities: []
  EventActivators:
  - Shape: 0
    Option: 0
    PositionX: -495.87200927734375
    PositionY: -3889.300048828125
    PositionZ: 561.7860107421875
    ScaleX: 100
    ScaleY: 500
    ScaleZ: 376.03851318359375
    RotationX: 0
    RotationY: -1.1477044820785522
    RotationZ: 0
    Flags: 0
    Type: 0
    OnBgGroup: 0
    OffBgGroup: 0
  WalkPath: []
  ReturnParameters: []
  Signals: []
