- Type: 1
  Flag: 0
  Id: 12
  Teleport:
    Place: 12
    Door: 0
    World: 0
    Unknown: 0
  Unk20: 0
  Unk24: 0
  Entities:
  - ObjectId: 566
    PositionX: 2556.697998046875
    PositionY: -2374.360107421875
    PositionZ: 1275
    RotationX: 0
    RotationY: -1.0471975803375244
    RotationZ: 0
    SpawnType: 1
    SpawnArgument: 0
    Serial: 1
    Argument1: 0
    Argument2: 0
    ReactionCommand: 0
    SpawnDelay: 0
    Command: 0
    SpawnRange: 0
    Level: 0
    Medal: 0
  - ObjectId: 567
    PositionX: 2693.301025390625
    PositionY: -2368.64111328125
    PositionZ: 1238.39794921875
    RotationX: 0
    RotationY: -1.0471975803375244
    RotationZ: 0
    SpawnType: 1
    SpawnArgument: 0
    Serial: 2
    Argument1: 0
    Argument2: 0
    ReactionCommand: 0
    SpawnDelay: 0
    Command: 0
    SpawnRange: 0
    Level: 0
    Medal: 0
  - ObjectId: 568
    PositionX: 2593.301025390625
    PositionY: -2370.031005859375
    PositionZ: 1411.60302734375
    RotationX: 0
    RotationY: -1.0471975803375244
    RotationZ: 0
    SpawnType: 1
    SpawnArgument: 0
    Serial: 3
    Argument1: 0
    Argument2: 0
    ReactionCommand: 0
    SpawnDelay: 0
    Command: 0
    SpawnRange: 0
    Level: 0
    Medal: 0
  EventActivators: []
  WalkPath: []
  ReturnParameters: []
  Signals: []
