- Type: 6
  Flag: 0
  Id: 529
  Teleport:
    Place: 0
    Door: 0
    World: 0
    Unknown: 0
  Unk20: 0
  Unk24: 0
  Entities:
  - ObjectId: 1326
    PositionX: 339.03909301757812
    PositionY: -3186.2919921875
    PositionZ: 1622.5479736328125
    RotationX: 0
    RotationY: 1.9016549587249756
    RotationZ: 0
    SpawnType: 0
    SpawnArgument: 0
    Serial: 57
    Argument1: 0
    Argument2: 0
    ReactionCommand: 1191
    SpawnDelay: 0
    Command: 31
    SpawnRange: 0
    Level: 0
    Medal: 0
  EventActivators:
  - Shape: 0
    Option: 0
    PositionX: 504.22378540039062
    PositionY: -3263.23095703125
    PositionZ: 1514.7110595703125
    ScaleX: 110.35295104980469
    ScaleY: 100
    ScaleZ: 50.333850860595703
    RotationX: 0
    RotationY: -0.086551398038864136
    RotationZ: 0
    Flags: 0
    Type: 0
    OnBgGroup: 0
    OffBgGroup: 0
  - Shape: 0
    Option: 1
    PositionX: 744.50830078125
    PositionY: -3231.760009765625
    PositionZ: 1557.428955078125
    ScaleX: 110.35299682617188
    ScaleY: 100
    ScaleZ: 50.333999633789062
    RotationX: 0
    RotationY: -0.52485787868499756
    RotationZ: 0
    Flags: 0
    Type: 0
    OnBgGroup: 0
    OffBgGroup: 0
  WalkPath:
  - Serial: 66
    Flag: 1
    Id: 0
    Positions:
    - X: 427.81710815429688
      Y: -3176.3740234375
      Z: 1620.7359619140625
    - X: 403.48065185546875
      Y: -3177.93798828125
      Z: 1538.375
    - X: 512.81781005859375
      Y: -3164.24365234375
      Z: 1507.5987548828125
    - X: 623.14312744140625
      Y: -3148.32421875
      Z: 1487.806640625
    - X: 641.44451904296875
      Y: -3144.82763671875
      Z: 1382.74951171875
    - X: 745.78802490234375
      Y: -3130.50634765625
      Z: 1379.699462890625
    - X: 837.18328857421875
      Y: -3117.72509765625
      Z: 1458.5087890625
    - X: 658.15167236328125
      Y: -3146.872314453125
      Z: 1630.060302734375
    - X: 609.1732177734375
      Y: -3151.264404296875
      Z: 1550.279296875
    - X: 695.15521240234375
      Y: -3137.76025390625
      Z: 1468.299560546875
    - X: 780.527099609375
      Y: -3125.85009765625
      Z: 1379.8614501953125
    - X: 849.8076171875
      Y: -3115.19482421875
      Z: 1477.195556640625
    - X: 742.09100341796875
      Y: -3132.294921875
      Z: 1560.726806640625
  ReturnParameters:
  - Id: 0
    Type: 0
    Rate: 0
    EntryType: 0
    Argument04: 0
    Argument08: 0
    Argument0c: 0
  - Id: 0
    Type: 0
    Rate: 0
    EntryType: 0
    Argument04: 0
    Argument08: 0
    Argument0c: 0
  - Id: 0
    Type: 0
    Rate: 0
    EntryType: 0
    Argument04: 0
    Argument08: 0
    Argument0c: 0
  - Id: 1
    Type: 0
    Rate: 30
    EntryType: 0
    Argument04: 0
    Argument08: 0
    Argument0c: 0
  - Id: 1
    Type: 3
    Rate: 30
    EntryType: 0
    Argument04: 0
    Argument08: 0
    Argument0c: 0
  Signals: []
