- Type: 1
  Flag: 0
  Id: 22
  Teleport:
    Place: 0
    Door: 0
    World: 0
    Unknown: 0
  Unk20: 0
  Unk24: 0
  Entities:
  - ObjectId: 566
    PositionX: 34.897289276123047
    PositionY: 0.00018900740542449057
    PositionZ: 36.237400054931641
    RotationX: 0
    RotationY: 3.1415927410125732
    RotationZ: 0
    SpawnType: 0
    SpawnArgument: 0
    Serial: 4
    Argument1: 0
    Argument2: 0
    ReactionCommand: 0
    SpawnDelay: 0
    Command: 0
    SpawnRange: 0
    Level: 0
    Medal: 0
  - ObjectId: 567
    PositionX: -65.102676391601562
    PositionY: 0.00019337849516887218
    PositionZ: -63.762619018554688
    RotationX: 0
    RotationY: 3.1415927410125732
    RotationZ: 0
    SpawnType: 0
    SpawnArgument: 0
    Serial: 5
    Argument1: 0
    Argument2: 0
    ReactionCommand: 0
    SpawnDelay: 0
    Command: 0
    SpawnRange: 0
    Level: 0
    Medal: 0
  - ObjectId: 568
    PositionX: 134.89729309082031
    PositionY: -2.1855669274373213E-06
    PositionZ: -63.762569427490234
    RotationX: 0
    RotationY: 3.1415927410125732
    RotationZ: 0
    SpawnType: 0
    SpawnArgument: 0
    Serial: 6
    Argument1: 0
    Argument2: 0
    ReactionCommand: 0
    SpawnDelay: 0
    Command: 0
    SpawnRange: 0
    Level: 0
    Medal: 0
  EventActivators: []
  WalkPath: []
  ReturnParameters: []
  Signals: []
