- Type: 1
  Flag: 0
  Id: 1083
  Teleport:
    Place: 0
    Door: 0
    World: 0
    Unknown: 0
  Unk20: 0
  Unk24: 0
  Entities:
  - ObjectId: 1314
    PositionX: -1479.3809814453125
    PositionY: -2.0895789930364117E-05
    PositionZ: 109.70420074462891
    RotationX: 0
    RotationY: 2.3604409694671631
    RotationZ: 0
    SpawnType: 0
    SpawnArgument: 0
    Serial: 85
    Argument1: 0
    Argument2: 0
    ReactionCommand: 1231
    SpawnDelay: 0
    Command: 31
    SpawnRange: 0
    Level: 0
    Medal: 0
  EventActivators: []
  WalkPath: []
  ReturnParameters: []
  Signals: []
