- Type: 1
  Flag: 0
  Id: 3055
  Teleport:
    Place: 0
    Door: 0
    World: 0
    Unknown: 0
  Unk20: 0
  Unk24: 0
  Entities:
  - ObjectId: 1451
    PositionX: 1416.740966796875
    PositionY: -2.9950219868624117E-06
    PositionZ: 1278.9090576171875
    RotationX: 0
    RotationY: -0.57886093854904175
    RotationZ: 0
    SpawnType: 1
    SpawnArgument: 50
    Serial: 247
    Argument1: 0
    Argument2: 0
    ReactionCommand: 0
    SpawnDelay: 0
    Command: 0
    SpawnRange: 0
    Level: 0
    Medal: 0
  - ObjectId: 1451
    PositionX: 1416.740966796875
    PositionY: -2.9950219868624117E-06
    PositionZ: 1278.5350341796875
    RotationX: 0
    RotationY: -0.57886093854904175
    RotationZ: 0
    SpawnType: 1
    SpawnArgument: 51
    Serial: 248
    Argument1: 0
    Argument2: 0
    ReactionCommand: 0
    SpawnDelay: 0
    Command: 0
    SpawnRange: 0
    Level: 0
    Medal: 0
  - ObjectId: 1451
    PositionX: 1416.366943359375
    PositionY: -2.9950219868624117E-06
    PositionZ: 1278.9090576171875
    RotationX: 0
    RotationY: -0.57886093854904175
    RotationZ: 0
    SpawnType: 1
    SpawnArgument: 52
    Serial: 249
    Argument1: 0
    Argument2: 0
    ReactionCommand: 0
    SpawnDelay: 0
    Command: 0
    SpawnRange: 0
    Level: 0
    Medal: 0
  - ObjectId: 1451
    PositionX: 1416.740966796875
    PositionY: -2.9950219868624117E-06
    PositionZ: 1278.5350341796875
    RotationX: 0
    RotationY: -0.57886093854904175
    RotationZ: 0
    SpawnType: 1
    SpawnArgument: 53
    Serial: 250
    Argument1: 0
    Argument2: 0
    ReactionCommand: 0
    SpawnDelay: 0
    Command: 0
    SpawnRange: 0
    Level: 0
    Medal: 0
  - ObjectId: 1451
    PositionX: 1416.366943359375
    PositionY: -2.9950219868624117E-06
    PositionZ: 1278.9090576171875
    RotationX: 0
    RotationY: -0.57886093854904175
    RotationZ: 0
    SpawnType: 1
    SpawnArgument: 54
    Serial: 251
    Argument1: 0
    Argument2: 0
    ReactionCommand: 0
    SpawnDelay: 0
    Command: 0
    SpawnRange: 0
    Level: 0
    Medal: 0
  EventActivators: []
  WalkPath: []
  ReturnParameters: []
  Signals: []
