- Type: 1
  Flag: 0
  Id: 423
  Teleport:
    Place: 0
    Door: 0
    World: 0
    Unknown: 0
  Unk20: 0
  Unk24: 0
  Entities:
  - ObjectId: 566
    PositionX: -147.91720581054688
    PositionY: 5.0671798817347735E-05
    PositionZ: 567.14898681640625
    RotationX: 0
    RotationY: 0.52359879016876221
    RotationZ: 0
    SpawnType: 1
    SpawnArgument: 20
    Serial: 63
    Argument1: 0
    Argument2: 0
    ReactionCommand: 0
    SpawnDelay: 0
    Command: 0
    SpawnRange: 0
    Level: 0
    Medal: 0
  - ObjectId: 567
    PositionX: -111.314697265625
    PositionY: 5.0671798817347735E-05
    PositionZ: 703.7515869140625
    RotationX: 0
    RotationY: 0.52359879016876221
    RotationZ: 0
    SpawnType: 1
    SpawnArgument: 20
    Serial: 64
    Argument1: 0
    Argument2: 0
    ReactionCommand: 0
    SpawnDelay: 0
    Command: 0
    SpawnRange: 0
    Level: 0
    Medal: 0
  - ObjectId: 568
    PositionX: -284.51971435546875
    PositionY: 5.0671798817347735E-05
    PositionZ: 603.7515869140625
    RotationX: 0
    RotationY: 0.52359879016876221
    RotationZ: 0
    SpawnType: 1
    SpawnArgument: 20
    Serial: 65
    Argument1: 0
    Argument2: 0
    ReactionCommand: 0
    SpawnDelay: 0
    Command: 0
    SpawnRange: 0
    Level: 0
    Medal: 0
  EventActivators: []
  WalkPath: []
  ReturnParameters: []
  Signals: []
