- Type: 1
  Flag: 0
  Id: 28
  Teleport:
    Place: 2
    Door: 0
    World: 2
    Unknown: 0
  Unk20: 0
  Unk24: 0
  Entities: []
  EventActivators:
  - Shape: 0
    Option: 0
    PositionX: 760.731689453125
    PositionY: -1000
    PositionZ: 1068.39501953125
    ScaleX: 50
    ScaleY: 1050
    ScaleZ: 300
    RotationX: 0
    RotationY: -1.6794431209564209
    RotationZ: 0
    Flags: 0
    Type: 0
    OnBgGroup: 0
    OffBgGroup: 0
  - Shape: 0
    Option: 1
    PositionX: 774.29461669921875
    PositionY: -1000
    PositionZ: 1192.739990234375
    ScaleX: 500
    ScaleY: 1050
    ScaleZ: 300
    RotationX: 0
    RotationY: -1.6794431209564209
    RotationZ: 0
    Flags: 0
    Type: 0
    OnBgGroup: 0
    OffBgGroup: 0
  WalkPath: []
  ReturnParameters: []
  Signals: []
