- Type: 1
  Flag: 0
  Id: 69
  Teleport:
    Place: 0
    Door: 0
    World: 0
    Unknown: 0
  Unk20: 0
  Unk24: 0
  Entities:
  - ObjectId: 566
    PositionX: -219.76359558105469
    PositionY: -0
    PositionZ: -73.077110290527344
    RotationX: 0
    RotationY: -0.98598939180374146
    RotationZ: 0
    SpawnType: 0
    SpawnArgument: 0
    Serial: 8
    Argument1: 0
    Argument2: 0
    ReactionCommand: 0
    SpawnDelay: 0
    Command: 0
    SpawnRange: 0
    Level: 0
    Medal: 0
  - ObjectId: 567
    PositionX: -81.177886962890625
    PositionY: -0
    PositionZ: -101.25520324707031
    RotationX: 0
    RotationY: -0.98598939180374146
    RotationZ: 0
    SpawnType: 0
    SpawnArgument: 0
    Serial: 9
    Argument1: 0
    Argument2: 0
    ReactionCommand: 0
    SpawnDelay: 0
    Command: 0
    SpawnRange: 0
    Level: 0
    Medal: 0
  - ObjectId: 568
    PositionX: -191.58560180664062
    PositionY: -0
    PositionZ: 65.508590698242188
    RotationX: 0
    RotationY: -0.98598939180374146
    RotationZ: 0
    SpawnType: 0
    SpawnArgument: 0
    Serial: 10
    Argument1: 0
    Argument2: 0
    ReactionCommand: 0
    SpawnDelay: 0
    Command: 0
    SpawnRange: 0
    Level: 0
    Medal: 0
  EventActivators: []
  WalkPath: []
  ReturnParameters: []
  Signals: []
