- Type: 1
  Flag: 0
  Id: 47
  Teleport:
    Place: 0
    Door: 0
    World: 0
    Unknown: 0
  Unk20: 0
  Unk24: 0
  Entities:
  - ObjectId: 566
    PositionX: 344.88238525390625
    PositionY: 4.9999837875366211
    PositionZ: 57.894889831542969
    RotationX: 0
    RotationY: 0.52359879016876221
    RotationZ: 0
    SpawnType: 1
    SpawnArgument: 50
    Serial: 4
    Argument1: 0
    Argument2: 0
    ReactionCommand: 0
    SpawnDelay: 0
    Command: 0
    SpawnRange: 0
    Level: 0
    Medal: 0
  EventActivators: []
  WalkPath: []
  ReturnParameters: []
  Signals: []
