- Type: 1
  Flag: 0
  Id: 281
  Teleport:
    Place: 15
    Door: 0
    World: 0
    Unknown: 0
  Unk20: 0
  Unk24: 0
  Entities:
  - ObjectId: 566
    PositionX: 737.7349853515625
    PositionY: -0.00010929440031759441
    PositionZ: -2367.199951171875
    RotationX: 0
    RotationY: 2.2863812446594238
    RotationZ: 0
    SpawnType: 1
    SpawnArgument: 0
    Serial: 19
    Argument1: 0
    Argument2: 0
    ReactionCommand: 0
    SpawnDelay: 0
    Command: 0
    SpawnRange: 0
    Level: 0
    Medal: 0
  EventActivators: []
  WalkPath: []
  ReturnParameters: []
  Signals: []
