- Type: 1
  Flag: 0
  Id: 63
  Teleport:
    Place: 0
    Door: 0
    World: 0
    Unknown: 0
  Unk20: 0
  Unk24: 0
  Entities:
  - ObjectId: 566
    PositionX: 1038.2010498046875
    PositionY: 12.212010383605957
    PositionZ: 20.019580841064453
    RotationX: 0
    RotationY: -1.8206331729888916
    RotationZ: 0
    SpawnType: 0
    SpawnArgument: 0
    Serial: 12
    Argument1: 0
    Argument2: 0
    ReactionCommand: 0
    SpawnDelay: 0
    Command: 0
    SpawnRange: 0
    Level: 0
    Medal: 0
  - ObjectId: 567
    PositionX: 916.581298828125
    PositionY: 12.212010383605957
    PositionZ: -52.151111602783203
    RotationX: 0
    RotationY: -1.8206331729888916
    RotationZ: 0
    SpawnType: 0
    SpawnArgument: 0
    Serial: 13
    Argument1: 0
    Argument2: 0
    ReactionCommand: 0
    SpawnDelay: 0
    Command: 0
    SpawnRange: 0
    Level: 0
    Medal: 0
  - ObjectId: 568
    PositionX: 966.030517578125
    PositionY: -1.1574599742889404
    PositionZ: 141.63949584960938
    RotationX: 0
    RotationY: -1.8206331729888916
    RotationZ: 0
    SpawnType: 0
    SpawnArgument: 0
    Serial: 14
    Argument1: 0
    Argument2: 0
    ReactionCommand: 0
    SpawnDelay: 0
    Command: 0
    SpawnRange: 0
    Level: 0
    Medal: 0
  - ObjectId: 314
    PositionX: -952.75537109375
    PositionY: -441.96530151367188
    PositionZ: 382.94839477539062
    RotationX: 0
    RotationY: 1.2489750385284424
    RotationZ: 0
    SpawnType: 3
    SpawnArgument: 0
    Serial: 90
    Argument1: 0
    Argument2: 0
    ReactionCommand: 0
    SpawnDelay: 0
    Command: 0
    SpawnRange: 0
    Level: 0
    Medal: 1
  - ObjectId: 1522
    PositionX: 2051.381103515625
    PositionY: 89.303123474121094
    PositionZ: 576.79632568359375
    RotationX: 0
    RotationY: 0
    RotationZ: 0
    SpawnType: 0
    SpawnArgument: 0
    Serial: 112
    Argument1: 0
    Argument2: 0
    ReactionCommand: 0
    SpawnDelay: 0
    Command: 0
    SpawnRange: 0
    Level: 0
    Medal: 0
  EventActivators: []
  WalkPath: []
  ReturnParameters: []
  Signals: []
