- Type: 2
  Flag: 0
  Id: 75
  Teleport:
    Place: 0
    Door: 0
    World: 0
    Unknown: 0
  Unk20: 0
  Unk24: 0
  Entities:
  - ObjectId: 314
    PositionX: -100.12079620361328
    PositionY: -686.539306640625
    PositionZ: -684.51947021484375
    RotationX: 0
    RotationY: 1.7671458721160889
    RotationZ: 0
    SpawnType: 1
    SpawnArgument: 0
    Serial: 91
    Argument1: 5
    Argument2: 0
    ReactionCommand: 0
    SpawnDelay: 0
    Command: 0
    SpawnRange: 0
    Level: 0
    Medal: 1
  - ObjectId: 1522
    PositionX: 1905.8260498046875
    PositionY: -614.81982421875
    PositionZ: -724.89361572265625
    RotationX: 0
    RotationY: 0
    RotationZ: 0
    SpawnType: 0
    SpawnArgument: 0
    Serial: 113
    Argument1: 0
    Argument2: 0
    ReactionCommand: 0
    SpawnDelay: 0
    Command: 0
    SpawnRange: 0
    Level: 0
    Medal: 0
  - ObjectId: 314
    PositionX: 983.08172607421875
    PositionY: 0.0074140140786767006
    PositionZ: 263.97808837890625
    RotationX: 0
    RotationY: 1.7671458721160889
    RotationZ: 0
    SpawnType: 1
    SpawnArgument: 1
    Serial: 114
    Argument1: 5
    Argument2: 0
    ReactionCommand: 0
    SpawnDelay: 0
    Command: 0
    SpawnRange: 0
    Level: 0
    Medal: 1
  EventActivators: []
  WalkPath: []
  ReturnParameters: []
  Signals: []
