- Type: 6
  Flag: 0
  Id: 105
  Teleport:
    Place: 0
    Door: 0
    World: 0
    Unknown: 0
  Unk20: 0
  Unk24: 0
  Entities:
  - ObjectId: 1093
    PositionX: 297.06710815429688
    PositionY: -4.9903769649972674E-06
    PositionZ: 538.75067138671875
    RotationX: 0
    RotationY: 0.14246927201747894
    RotationZ: 0
    SpawnType: 0
    SpawnArgument: 0
    Serial: 22
    Argument1: 0
    Argument2: 0
    ReactionCommand: 1357
    SpawnDelay: 0
    Command: 31
    SpawnRange: 0
    Level: 0
    Medal: 0
  EventActivators:
  - Shape: 0
    Option: 2
    PositionX: 256.4307861328125
    PositionY: -100
    PositionZ: -32.717769622802734
    ScaleX: 183.71049499511719
    ScaleY: 100
    ScaleZ: 52.455501556396484
    RotationX: 0
    RotationY: 3.0558865070343018
    RotationZ: 0
    Flags: 0
    Type: 0
    OnBgGroup: 0
    OffBgGroup: 0
  - Shape: 0
    Option: 1
    PositionX: -15.2181396484375
    PositionY: -100
    PositionZ: 414.319091796875
    ScaleX: 241.84500122070312
    ScaleY: 100
    ScaleZ: 53.681999206542969
    RotationX: 0
    RotationY: 0.34743639826774597
    RotationZ: 0
    Flags: 0
    Type: 0
    OnBgGroup: 0
    OffBgGroup: 0
  - Shape: 0
    Option: 3
    PositionX: 684.62060546875
    PositionY: -100
    PositionZ: 575.3699951171875
    ScaleX: 146.19200134277344
    ScaleY: 100
    ScaleZ: 61.833999633789062
    RotationX: 0
    RotationY: -0.73297476768493652
    RotationZ: 0
    Flags: 0
    Type: 0
    OnBgGroup: 0
    OffBgGroup: 0
  WalkPath:
  - Serial: 35
    Flag: 1
    Id: 0
    Positions:
    - X: 501.76019287109375
      Y: -1.9820879515464185E-06
      Z: 28.824699401855469
    - X: 748.5
      Y: -9.9999923706054688
      Z: 412.7244873046875
    - X: 583.5079345703125
      Y: -10.000012397766113
      Z: 649.21307373046875
    - X: 385.51739501953125
      Y: -10.000012397766113
      Z: 577.71649169921875
    - X: 132.52949523925781
      Y: -10.000001907348633
      Z: 467.72189331054688
    - X: -102.50969696044922
      Y: -10.000001907348633
      Z: 434.2471923828125
    - X: -288.22198486328125
      Y: -10.000021934509277
      Z: 363.49969482421875
    - X: -335.38699340820312
      Y: -10.000021934509277
      Z: 233.7958984375
    - X: -211.57879638671875
      Y: -10.000012397766113
      Z: 148.30929565429688
    - X: -2.2841000556945801
      Y: -10.000001907348633
      Z: 109.98770904541016
    - X: 195.98860168457031
      Y: -9.9999885559082031
      Z: -30.457550048828125
  ReturnParameters:
  - Id: 1
    Type: 0
    Rate: 20
    EntryType: 0
    Argument04: 0
    Argument08: 0
    Argument0c: 0
  - Id: 1
    Type: 4
    Rate: 30
    EntryType: 0
    Argument04: 0
    Argument08: 0
    Argument0c: 0
  - Id: 1
    Type: 3
    Rate: 30
    EntryType: 0
    Argument04: 0
    Argument08: 0
    Argument0c: 0
  - Id: 2
    Type: 4
    Rate: 20
    EntryType: 0
    Argument04: 0
    Argument08: 0
    Argument0c: 0
  - Id: 2
    Type: 0
    Rate: 20
    EntryType: 0
    Argument04: 0
    Argument08: 0
    Argument0c: 0
  - Id: 2
    Type: 3
    Rate: 30
    EntryType: 0
    Argument04: 0
    Argument08: 0
    Argument0c: 0
  - Id: 3
    Type: 4
    Rate: 20
    EntryType: 0
    Argument04: 0
    Argument08: 0
    Argument0c: 0
  - Id: 3
    Type: 0
    Rate: 20
    EntryType: 0
    Argument04: 0
    Argument08: 0
    Argument0c: 0
  - Id: 3
    Type: 3
    Rate: 30
    EntryType: 0
    Argument04: 0
    Argument08: 0
    Argument0c: 0
  Signals: []
