- Type: 3
  Flag: 0
  Id: 7
  Teleport:
    Place: 9
    Door: 0
    World: 0
    Unknown: 0
  Unk20: 0
  Unk24: 0
  Entities: []
  EventActivators:
  - Shape: 0
    Option: 0
    PositionX: -191.25340270996094
    PositionY: -1000
    PositionZ: 381.02389526367188
    ScaleX: 749.31500244140625
    ScaleY: 1000
    ScaleZ: 319.23550415039062
    RotationX: 0
    RotationY: 1.5707963705062866
    RotationZ: 0
    Flags: 0
    Type: 0
    OnBgGroup: 0
    OffBgGroup: 0
  WalkPath: []
  ReturnParameters: []
  Signals: []
