- Type: 6
  Flag: 0
  Id: 83
  Teleport:
    Place: 0
    Door: 0
    World: 0
    Unknown: 0
  Unk20: 0
  Unk24: 0
  Entities:
  - ObjectId: 1203
    PositionX: 1073.2740478515625
    PositionY: -1.9359489670023322E-05
    PositionZ: 694.39410400390625
    RotationX: 0
    RotationY: 0.85954391956329346
    RotationZ: 0
    SpawnType: 0
    SpawnArgument: 0
    Serial: 21
    Argument1: 0
    Argument2: 0
    ReactionCommand: 0
    SpawnDelay: 0
    Command: 0
    SpawnRange: 0
    Level: 0
    Medal: 0
  EventActivators: []
  WalkPath: []
  ReturnParameters: []
  Signals: []
