- Type: 1
  Flag: 0
  Id: 22
  Teleport:
    Place: 20
    Door: 0
    World: 0
    Unknown: 0
  Unk20: 0
  Unk24: 0
  Entities:
  - ObjectId: 566
    PositionX: -770.86578369140625
    PositionY: -0
    PositionZ: 1753.8060302734375
    RotationX: 0
    RotationY: 0.39269909262657166
    RotationZ: 0
    SpawnType: 1
    SpawnArgument: 0
    Serial: 1
    Argument1: 0
    Argument2: 0
    ReactionCommand: 0
    SpawnDelay: 0
    Command: 0
    SpawnRange: 0
    Level: 0
    Medal: 0
  - ObjectId: 567
    PositionX: -716.7462158203125
    PositionY: -0
    PositionZ: 1884.4620361328125
    RotationX: 0
    RotationY: 0.39269909262657166
    RotationZ: 0
    SpawnType: 1
    SpawnArgument: 0
    Serial: 2
    Argument1: 0
    Argument2: 0
    ReactionCommand: 0
    SpawnDelay: 0
    Command: 0
    SpawnRange: 0
    Level: 0
    Medal: 0
  - ObjectId: 568
    PositionX: -901.5220947265625
    PositionY: -0
    PositionZ: 1807.926025390625
    RotationX: 0
    RotationY: 0.39269909262657166
    RotationZ: 0
    SpawnType: 1
    SpawnArgument: 0
    Serial: 3
    Argument1: 0
    Argument2: 0
    ReactionCommand: 0
    SpawnDelay: 0
    Command: 0
    SpawnRange: 0
    Level: 0
    Medal: 0
  EventActivators: []
  WalkPath: []
  ReturnParameters: []
  Signals: []
