- Type: 2
  Flag: 0
  Id: 145
  Teleport:
    Place: 0
    Door: 0
    World: 0
    Unknown: 0
  Unk20: 0
  Unk24: 0
  Entities:
  - ObjectId: 1835
    PositionX: -1939.2679443359375
    PositionY: -199.99989318847656
    PositionZ: -325.89968872070312
    RotationX: 0
    RotationY: 0
    RotationZ: 0
    SpawnType: 2
    SpawnArgument: 0
    Serial: 99
    Argument1: 0
    Argument2: 0
    ReactionCommand: 0
    SpawnDelay: 0
    Command: 0
    SpawnRange: 0
    Level: 0
    Medal: 0
  - ObjectId: 1835
    PositionX: -2289.26806640625
    PositionY: -149.99989318847656
    PositionZ: -225.89970397949219
    RotationX: 0
    RotationY: 0
    RotationZ: 0
    SpawnType: 2
    SpawnArgument: 0
    Serial: 100
    Argument1: 0
    Argument2: 0
    ReactionCommand: 0
    SpawnDelay: 0
    Command: 0
    SpawnRange: 0
    Level: 0
    Medal: 0
  - ObjectId: 1847
    PositionX: -2139.26806640625
    PositionY: -49.999900817871094
    PositionZ: -375.89968872070312
    RotationX: 0
    RotationY: 0
    RotationZ: 0
    SpawnType: 2
    SpawnArgument: 0
    Serial: 41
    Argument1: 2
    Argument2: 0
    ReactionCommand: 0
    SpawnDelay: 0
    Command: 0
    SpawnRange: 0
    Level: 0
    Medal: 0
  EventActivators:
  - Shape: 0
    Option: 0
    PositionX: -2118.5380859375
    PositionY: -125
    PositionZ: -1039.656005859375
    ScaleX: 287.71383666992188
    ScaleY: 175
    ScaleZ: 736.13800048828125
    RotationX: 0
    RotationY: -0.0062824469059705734
    RotationZ: 0
    Flags: 0
    Type: 0
    OnBgGroup: 0
    OffBgGroup: 0
  - Shape: 0
    Option: 0
    PositionX: -1914.1710205078125
    PositionY: -125
    PositionZ: 64.954421997070312
    ScaleX: 810.46148681640625
    ScaleY: 175
    ScaleZ: 736.13800048828125
    RotationX: 0
    RotationY: -0.0062824469059705734
    RotationZ: 0
    Flags: 0
    Type: 0
    OnBgGroup: 0
    OffBgGroup: 0
  WalkPath: []
  ReturnParameters: []
  Signals: []
- Type: 2
  Flag: 0
  Id: 147
  Teleport:
    Place: 0
    Door: 0
    World: 0
    Unknown: 0
  Unk20: 0
  Unk24: 0
  Entities:
  - ObjectId: 16
    PositionX: 422.47039794921875
    PositionY: -149.99989318847656
    PositionZ: -6.3904337882995605
    RotationX: 0
    RotationY: 0.01923014223575592
    RotationZ: 0
    SpawnType: 2
    SpawnArgument: 0
    Serial: 105
    Argument1: 2
    Argument2: 0
    ReactionCommand: 0
    SpawnDelay: 30
    Command: 0
    SpawnRange: 0
    Level: 0
    Medal: 0
  - ObjectId: 1835
    PositionX: 258.07638549804688
    PositionY: -249.99989318847656
    PositionZ: 740.58648681640625
    RotationX: 0
    RotationY: 0.01923014223575592
    RotationZ: 0
    SpawnType: 2
    SpawnArgument: 0
    Serial: 106
    Argument1: 0
    Argument2: 0
    ReactionCommand: 0
    SpawnDelay: 0
    Command: 0
    SpawnRange: 0
    Level: 0
    Medal: 0
  - ObjectId: 1835
    PositionX: 237.8905029296875
    PositionY: -249.99989318847656
    PositionZ: -810.08831787109375
    RotationX: 0
    RotationY: 0.01923014223575592
    RotationZ: 0
    SpawnType: 2
    SpawnArgument: 0
    Serial: 126
    Argument1: 0
    Argument2: 0
    ReactionCommand: 0
    SpawnDelay: 0
    Command: 0
    SpawnRange: 0
    Level: 0
    Medal: 0
  EventActivators:
  - Shape: 1
    Option: 0
    PositionX: 321.489013671875
    PositionY: -125
    PositionZ: 28.345149993896484
    ScaleX: 1301.2254638671875
    ScaleY: 175
    ScaleZ: 1155.8365478515625
    RotationX: 0
    RotationY: -0.0062824469059705734
    RotationZ: 0
    Flags: 0
    Type: 0
    OnBgGroup: 0
    OffBgGroup: 0
  WalkPath: []
  ReturnParameters: []
  Signals: []
