- Type: 6
  Flag: 0
  Id: 349
  Teleport:
    Place: 0
    Door: 0
    World: 0
    Unknown: 0
  Unk20: 0
  Unk24: 0
  Entities:
  - ObjectId: 1861
    PositionX: -166.24229431152344
    PositionY: 7.8413477240246721E-06
    PositionZ: 32.68695068359375
    RotationX: 0
    RotationY: -2.3574197292327881
    RotationZ: 0
    SpawnType: 0
    SpawnArgument: 0
    Serial: 33
    Argument1: 0
    Argument2: 1
    ReactionCommand: 1460
    SpawnDelay: 0
    Command: 31
    SpawnRange: 0
    Level: 0
    Medal: 0
  EventActivators:
  - Shape: 0
    Option: 0
    PositionX: -161.34849548339844
    PositionY: -99.999992370605469
    PositionZ: -3.9072461128234863
    ScaleX: 101.17085266113281
    ScaleY: 100
    ScaleZ: 38.31524658203125
    RotationX: 0
    RotationY: 0.040912017226219177
    RotationZ: 0
    Flags: 0
    Type: 0
    OnBgGroup: 0
    OffBgGroup: 0
  - Shape: 0
    Option: 1
    PositionX: -68.938232421875
    PositionY: -99.999992370605469
    PositionZ: -91.802688598632812
    ScaleX: 61.188999176025391
    ScaleY: 100
    ScaleZ: 38.315250396728516
    RotationX: 0
    RotationY: -0.30888941884040833
    RotationZ: 0
    Flags: 0
    Type: 0
    OnBgGroup: 0
    OffBgGroup: 0
  WalkPath:
  - Serial: 55
    Flag: 1
    Id: 0
    Positions:
    - X: -270.5067138671875
      Y: -6.5313051891280338E-06
      Z: -16.255239486694336
    - X: -328.8482666015625
      Y: 7.9074352470343001E-06
      Z: -16.181102752685547
    - X: -350.3245849609375
      Y: 5.7287152230856009E-06
      Z: -66.024452209472656
    - X: -288.8408203125
      Y: 2.8504539386631222E-06
      Z: -131.871337890625
    - X: -226.56781005859375
      Y: 3.287191020717728E-06
      Z: -121.87993621826172
    - X: -137.30029296875
      Y: 5.4488650675921235E-06
      Z: -72.426643371582031
    - X: -68.604499816894531
      Y: 4.4107850953878369E-06
      Z: -96.175071716308594
    - X: -21.365699768066406
      Y: 4.1647049329185393E-06
      Z: -101.80476379394531
    - X: 28.4552001953125
      Y: 6.4782248045958113E-06
      Z: -48.877571105957031
    - X: 41.018001556396484
      Y: 8.9412951638223603E-06
      Z: 7.4708600044250488
    - X: 96.839698791503906
      Y: 8.9315053628524765E-06
      Z: 7.2469601631164551
    - X: 124.84709930419922
      Y: 5.2719951781909913E-06
      Z: -76.472831726074219
    - X: 38.627201080322266
      Y: 4.5680449147766922E-06
      Z: -92.577522277832031
    - X: -43.791698455810547
      Y: 8.3564646047307178E-06
      Z: -5.908480167388916
  ReturnParameters:
  - Id: 0
    Type: 0
    Rate: 0
    EntryType: 4
    Argument04: 0
    Argument08: 0
    Argument0c: 0
  - Id: 0
    Type: 0
    Rate: 0
    EntryType: 0
    Argument04: 0
    Argument08: 0
    Argument0c: 0
  - Id: 0
    Type: 0
    Rate: 0
    EntryType: 0
    Argument04: 0
    Argument08: 0
    Argument0c: 0
  - Id: 1
    Type: 0
    Rate: 30
    EntryType: 0
    Argument04: 0
    Argument08: 0
    Argument0c: 0
  - Id: 1
    Type: 3
    Rate: 30
    EntryType: 0
    Argument04: 0
    Argument08: 0
    Argument0c: 0
  Signals: []
