- Type: 1
  Flag: 0
  Id: 437
  Teleport:
    Place: 0
    Door: 0
    World: 0
    Unknown: 0
  Unk20: 0
  Unk24: 0
  Entities:
  - ObjectId: 336
    PositionX: -199.01260375976562
    PositionY: 22.908639907836914
    PositionZ: -808.74810791015625
    RotationX: 0
    RotationY: -1.608393669128418
    RotationZ: 0
    SpawnType: 0
    SpawnArgument: 0
    Serial: 237
    Argument1: 0
    Argument2: 0
    ReactionCommand: 0
    SpawnDelay: 0
    Command: 0
    SpawnRange: 0
    Level: 0
    Medal: 0
  - ObjectId: 336
    PositionX: -1185.7039794921875
    PositionY: 36.427330017089844
    PositionZ: -518.18267822265625
    RotationX: 0
    RotationY: 2.9896163940429688
    RotationZ: 0
    SpawnType: 0
    SpawnArgument: 0
    Serial: 238
    Argument1: 0
    Argument2: 0
    ReactionCommand: 0
    SpawnDelay: 0
    Command: 0
    SpawnRange: 0
    Level: 0
    Medal: 0
  - ObjectId: 334
    PositionX: -994.75701904296875
    PositionY: -12.625100135803223
    PositionZ: -706.06341552734375
    RotationX: 0
    RotationY: 0.72021830081939697
    RotationZ: 0
    SpawnType: 0
    SpawnArgument: 0
    Serial: 239
    Argument1: 0
    Argument2: 0
    ReactionCommand: 0
    SpawnDelay: 0
    Command: 0
    SpawnRange: 0
    Level: 0
    Medal: 0
  - ObjectId: 334
    PositionX: -352.89041137695312
    PositionY: 4.6001949310302734
    PositionZ: -681.63671875
    RotationX: 0
    RotationY: -2.029674768447876
    RotationZ: 0
    SpawnType: 0
    SpawnArgument: 0
    Serial: 240
    Argument1: 0
    Argument2: 0
    ReactionCommand: 0
    SpawnDelay: 0
    Command: 0
    SpawnRange: 0
    Level: 0
    Medal: 0
  EventActivators: []
  WalkPath: []
  ReturnParameters: []
  Signals: []
