- Type: 6
  Flag: 0
  Id: 61
  Teleport:
    Place: 0
    Door: 0
    World: 0
    Unknown: 0
  Unk20: 0
  Unk24: 0
  Entities:
  - ObjectId: 1167
    PositionX: -246.69239807128906
    PositionY: -0.50000977516174316
    PositionZ: -1068.2550048828125
    RotationX: 0
    RotationY: -0.1494574248790741
    RotationZ: 0
    SpawnType: 1
    SpawnArgument: 50
    Serial: 22
    Argument1: 0
    Argument2: 2
    ReactionCommand: 232
    SpawnDelay: 0
    Command: 31
    SpawnRange: 0
    Level: 0
    Medal: 0
  - ObjectId: 1167
    PositionX: -349.48471069335938
    PositionY: -0.50000977516174316
    PositionZ: -894.83758544921875
    RotationX: 0
    RotationY: -0.1494574248790741
    RotationZ: 0
    SpawnType: 1
    SpawnArgument: 0
    Serial: 28
    Argument1: 0
    Argument2: 0
    ReactionCommand: 232
    SpawnDelay: 0
    Command: 31
    SpawnRange: 0
    Level: 0
    Medal: 0
  - ObjectId: 1167
    PositionX: -415.84658813476562
    PositionY: -0.50000977516174316
    PositionZ: -801.89093017578125
    RotationX: 0
    RotationY: -0.1494574248790741
    RotationZ: 0
    SpawnType: 1
    SpawnArgument: 99
    Serial: 30
    Argument1: 0
    Argument2: 0
    ReactionCommand: 232
    SpawnDelay: 0
    Command: 31
    SpawnRange: 0
    Level: 0
    Medal: 0
  EventActivators:
  - Shape: 0
    Option: 2
    PositionX: -304.38848876953125
    PositionY: -100
    PositionZ: -283.44241333007812
    ScaleX: 77.510200500488281
    ScaleY: 100
    ScaleZ: 45.99713134765625
    RotationX: 0
    RotationY: 2.1181280612945557
    RotationZ: 0
    Flags: 0
    Type: 0
    OnBgGroup: 0
    OffBgGroup: 0
  - Shape: 0
    Option: 1
    PositionX: -629.666015625
    PositionY: -100.00016784667969
    PositionZ: -686.7808837890625
    ScaleX: 164.06834411621094
    ScaleY: 100.00015258789062
    ScaleZ: 56.629001617431641
    RotationX: 0
    RotationY: 1.7529895305633545
    RotationZ: 0
    Flags: 0
    Type: 0
    OnBgGroup: 0
    OffBgGroup: 0
  - Shape: 0
    Option: 1
    PositionX: -352.30661010742188
    PositionY: -100.00016784667969
    PositionZ: -871.68707275390625
    ScaleX: 164.06834411621094
    ScaleY: 100.00015258789062
    ScaleZ: 56.629001617431641
    RotationX: 0
    RotationY: 2.1853947639465332
    RotationZ: 0
    Flags: 0
    Type: 0
    OnBgGroup: 0
    OffBgGroup: 0
  WalkPath:
  - Serial: 25
    Flag: 1
    Id: 0
    Positions:
    - X: -383.20840454101562
      Y: -0.50002062320709229
      Z: -236.21119689941406
    - X: -642.15948486328125
      Y: -10.499997138977051
      Z: -501.98721313476562
    - X: -620.018798828125
      Y: -10.500005722045898
      Z: -713.44122314453125
    - X: -562.4678955078125
      Y: -10.500005722045898
      Z: -857.7738037109375
    - X: -566.96820068359375
      Y: -10.500001907348633
      Z: -982.69232177734375
    - X: -472.63723754882812
      Y: -10.500006675720215
      Z: -1095.5694580078125
    - X: -240.22669982910156
      Y: -10.5
      Z: -1078.254638671875
    - X: -338.0262451171875
      Y: -10.49998950958252
      Z: -898.16131591796875
    - X: -461.89071655273438
      Y: -10.499991416931152
      Z: -671.59869384765625
    - X: -273.6343994140625
      Y: -10.499993324279785
      Z: -359.48199462890625
  ReturnParameters:
  - Id: 1
    Type: 4
    Rate: 15
    EntryType: 0
    Argument04: 0
    Argument08: 0
    Argument0c: 0
  - Id: 1
    Type: 0
    Rate: 10
    EntryType: 0
    Argument04: 0
    Argument08: 0
    Argument0c: 0
  - Id: 1
    Type: 3
    Rate: 30
    EntryType: 0
    Argument04: 0
    Argument08: 0
    Argument0c: 0
  - Id: 2
    Type: 4
    Rate: 15
    EntryType: 3
    Argument04: -1075720755
    Argument08: -1022048941
    Argument0c: -1043282191
  - Id: 2
    Type: 0
    Rate: 10
    EntryType: 0
    Argument04: 0
    Argument08: 0
    Argument0c: 0
  - Id: 2
    Type: 3
    Rate: 30
    EntryType: 0
    Argument04: 0
    Argument08: 0
    Argument0c: 0
  Signals: []
