- Type: 1
  Flag: 0
  Id: 26
  Teleport:
    Place: 0
    Door: 0
    World: 0
    Unknown: 0
  Unk20: 0
  Unk24: 0
  Entities:
  - ObjectId: 566
    PositionX: 249.49839782714844
    PositionY: 9.0732602984644473E-05
    PositionZ: -1119.884033203125
    RotationX: 0
    RotationY: 2.1616165637969971
    RotationZ: 0
    SpawnType: 1
    SpawnArgument: 51
    Serial: 13
    Argument1: 0
    Argument2: 0
    ReactionCommand: 0
    SpawnDelay: 0
    Command: 0
    SpawnRange: 0
    Level: 0
    Medal: 0
  - ObjectId: 567
    PositionX: 110.74569702148438
    PositionY: 9.5103736384771764E-05
    PositionZ: -1092.5400390625
    RotationX: 0
    RotationY: 2.1616165637969971
    RotationZ: 0
    SpawnType: 1
    SpawnArgument: 51
    Serial: 14
    Argument1: 0
    Argument2: 0
    ReactionCommand: 0
    SpawnDelay: 0
    Command: 0
    SpawnRange: 0
    Level: 0
    Medal: 0
  - ObjectId: 568
    PositionX: 222.15409851074219
    PositionY: 8.6361462308559567E-05
    PositionZ: -1258.636962890625
    RotationX: 0
    RotationY: 2.1616165637969971
    RotationZ: 0
    SpawnType: 1
    SpawnArgument: 51
    Serial: 15
    Argument1: 0
    Argument2: 0
    ReactionCommand: 0
    SpawnDelay: 0
    Command: 0
    SpawnRange: 0
    Level: 0
    Medal: 0
  EventActivators: []
  WalkPath: []
  ReturnParameters: []
  Signals: []
