- Type: 6
  Flag: 0
  Id: 89
  Teleport:
    Place: 0
    Door: 0
    World: 0
    Unknown: 0
  Unk20: 0
  Unk24: 0
  Entities:
  - ObjectId: 1261
    PositionX: -3170.863037109375
    PositionY: -1.120708020607708E-05
    PositionZ: 1987.6209716796875
    RotationX: 0
    RotationY: 0
    RotationZ: 0
    SpawnType: 0
    SpawnArgument: 0
    Serial: 5
    Argument1: 0
    Argument2: 0
    ReactionCommand: 1403
    SpawnDelay: 0
    Command: 31
    SpawnRange: 0
    Level: 0
    Medal: 0
  EventActivators:
  - Shape: 0
    Option: 1
    PositionX: -3140.39697265625
    PositionY: -99.999992370605469
    PositionZ: 2005.1290283203125
    ScaleX: 87.899497985839844
    ScaleY: 100
    ScaleZ: 47.166049957275391
    RotationX: 0
    RotationY: -0.20980097353458405
    RotationZ: 0
    Flags: 0
    Type: 0
    OnBgGroup: 0
    OffBgGroup: 0
  - Shape: 0
    Option: 0
    PositionX: -3039.3759765625
    PositionY: -99.999969482421875
    PositionZ: 2297.791015625
    ScaleX: 124.90065002441406
    ScaleY: 100
    ScaleZ: 47.166046142578125
    RotationX: 0
    RotationY: 0.37489724159240723
    RotationZ: 0
    Flags: 0
    Type: 0
    OnBgGroup: 0
    OffBgGroup: 0
  - Shape: 0
    Option: 0
    PositionX: -3046.887939453125
    PositionY: -99.999992370605469
    PositionZ: 2139.72607421875
    ScaleX: 87.899299621582031
    ScaleY: 100
    ScaleZ: 47.166046142578125
    RotationX: 0
    RotationY: 0.19153888523578644
    RotationZ: 0
    Flags: 0
    Type: 0
    OnBgGroup: 0
    OffBgGroup: 0
  WalkPath:
  - Serial: 15
    Flag: 1
    Id: 0
    Positions:
    - X: -3011.6669921875
      Y: 3.1676420348958345E-06
      Z: 2171.5419921875
    - X: -2874.67822265625
      Y: 9.7865699899557512E-07
      Z: 2221.6201171875
    - X: -2848.164794921875
      Y: -2.772596781142056E-05
      Z: 2291.510498046875
    - X: -2931.27783203125
      Y: 3.4824115573428571E-06
      Z: 2323.677490234375
    - X: -3095.526611328125
      Y: 1.3430289982352406E-06
      Z: 2274.734130859375
    - X: -3175.8759765625
      Y: 1.6979530528260511E-06
      Z: 2205.16455078125
    - X: -3165.108642578125
      Y: 5.6181579566327855E-06
      Z: 2115.480712890625
    - X: -2976.0849609375
      Y: 4.3769828153017443E-06
      Z: 2143.87548828125
    - X: -2891.07861328125
      Y: 1.3220100072430796E-06
      Z: 2213.76513671875
    - X: -2918.601318359375
      Y: -2.8268128517083824E-05
      Z: 2279.107421875
    - X: -3096.680419921875
      Y: 1.4147680076348479E-06
      Z: 2211.64306640625
    - X: -3243.03125
      Y: 3.5329992442711955E-06
      Z: 2163.18359375
    - X: -3214.845703125
      Y: 9.2846594270667993E-06
      Z: 2031.6009521484375
    - X: -3046.74951171875
      Y: 1.0540480616327841E-05
      Z: 2002.87109375
  ReturnParameters:
  - Id: 0
    Type: 2
    Rate: 0
    EntryType: 0
    Argument04: 0
    Argument08: 0
    Argument0c: 0
  - Id: 1
    Type: 0
    Rate: 30
    EntryType: 0
    Argument04: 0
    Argument08: 0
    Argument0c: 0
  - Id: 1
    Type: 3
    Rate: 30
    EntryType: 0
    Argument04: 0
    Argument08: 0
    Argument0c: 0
  Signals: []
