- Type: 6
  Flag: 0
  Id: 121
  Teleport:
    Place: 0
    Door: 0
    World: 0
    Unknown: 0
  Unk20: 0
  Unk24: 0
  Entities:
  - ObjectId: 1261
    PositionX: -2194.537109375
    PositionY: -1.2458390301617328E-05
    PositionZ: 1211.7440185546875
    RotationX: 0
    RotationY: 0
    RotationZ: 0
    SpawnType: 0
    SpawnArgument: 0
    Serial: 6
    Argument1: 0
    Argument2: 0
    ReactionCommand: 1406
    SpawnDelay: 0
    Command: 31
    SpawnRange: 0
    Level: 0
    Medal: 0
  EventActivators:
  - Shape: 0
    Option: 1
    PositionX: -2395.60400390625
    PositionY: -99.999984741210938
    PositionZ: 1132.905029296875
    ScaleX: 135.51400756835938
    ScaleY: 100
    ScaleZ: 47.166049957275391
    RotationX: 0
    RotationY: 1.0002466440200806
    RotationZ: 0
    Flags: 0
    Type: 0
    OnBgGroup: 0
    OffBgGroup: 0
  - Shape: 0
    Option: 0
    PositionX: -2043.56103515625
    PositionY: -99.999992370605469
    PositionZ: 1397.18701171875
    ScaleX: 124.90065002441406
    ScaleY: 100
    ScaleZ: 47.166046142578125
    RotationX: 0
    RotationY: 1.5546481609344482
    RotationZ: 0
    Flags: 0
    Type: 0
    OnBgGroup: 0
    OffBgGroup: 0
  - Shape: 0
    Option: 1
    PositionX: -2260.214111328125
    PositionY: -99.999992370605469
    PositionZ: 1422.093994140625
    ScaleX: 163.68400573730469
    ScaleY: 100
    ScaleZ: 47.166049957275391
    RotationX: 0
    RotationY: 0.66145884990692139
    RotationZ: 0
    Flags: 0
    Type: 0
    OnBgGroup: 0
    OffBgGroup: 0
  WalkPath:
  - Serial: 16
    Flag: 1
    Id: 0
    Positions:
    - X: -2309.64501953125
      Y: -1.1137610272271559E-05
      Z: 1241.9599609375
    - X: -2071.885009765625
      Y: 1.0796889910125174E-05
      Z: 1249.75537109375
    - X: -2079.6806640625
      Y: -2.3952379706315696E-05
      Z: 1696.04248046875
    - X: -2249.230712890625
      Y: -2.3356069505098276E-05
      Z: 1709.6844482421875
    - X: -2267.314208984375
      Y: -3.5359819321456598E-06
      Z: 1481.3177490234375
    - X: -2347.66357421875
      Y: -3.7159370549488813E-06
      Z: 1411.748046875
    - X: -2336.896240234375
      Y: 1.0497179573576432E-05
      Z: 1322.064208984375
    - X: -2165.429931640625
      Y: 1.1307989552733488E-05
      Z: 1238.062255859375
    - X: -1999.77734375
      Y: -7.8153152571758255E-06
      Z: 1317.9652099609375
    - X: -2090.388916015625
      Y: -3.3448200156271923E-06
      Z: 1485.6910400390625
    - X: -2268.468017578125
      Y: 6.2937901930126827E-06
      Z: 1418.2265625
    - X: -2401.240966796875
      Y: 8.4968196460977197E-06
      Z: 1302.374267578125
    - X: -2621.461181640625
      Y: 1.3042369573668111E-05
      Z: 1113.335693359375
    - X: -2494.785888671875
      Y: -8.9533778009354137E-06
      Z: 1019.7907104492188
  ReturnParameters:
  - Id: 0
    Type: 2
    Rate: 0
    EntryType: 1
    Argument04: 2126
    Argument08: 0
    Argument0c: 0
  - Id: 1
    Type: 0
    Rate: 30
    EntryType: 0
    Argument04: 0
    Argument08: 0
    Argument0c: 0
  - Id: 1
    Type: 3
    Rate: 30
    EntryType: 0
    Argument04: 0
    Argument08: 0
    Argument0c: 0
  Signals: []
