- Type: 6
  Flag: 0
  Id: 39
  Teleport:
    Place: 0
    Door: 0
    World: 0
    Unknown: 0
  Unk20: 0
  Unk24: 0
  Entities:
  - ObjectId: 1087
    PositionX: -285.0172119140625
    PositionY: -302.3323974609375
    PositionZ: 1062.7259521484375
    RotationX: 0
    RotationY: 0.4631580114364624
    RotationZ: 0
    SpawnType: 0
    SpawnArgument: 0
    Serial: 37
    Argument1: 0
    Argument2: 1
    ReactionCommand: 206
    SpawnDelay: 0
    Command: 31
    SpawnRange: 0
    Level: 0
    Medal: 0
  EventActivators:
  - Shape: 0
    Option: 1
    PositionX: -301.21990966796875
    PositionY: -401.85189819335938
    PositionZ: 1075.572021484375
    ScaleX: 122.62799835205078
    ScaleY: 100
    ScaleZ: 46.698699951171875
    RotationX: 0
    RotationY: -1.3692783117294312
    RotationZ: 0
    Flags: 0
    Type: 0
    OnBgGroup: 0
    OffBgGroup: 0
  - Shape: 0
    Option: 2
    PositionX: -156.76919555664062
    PositionY: -401.94171142578125
    PositionZ: 1047.10302734375
    ScaleX: 123.04000091552734
    ScaleY: 100
    ScaleZ: 39.565750122070312
    RotationX: 0
    RotationY: -1.0994569063186646
    RotationZ: 0
    Flags: 0
    Type: 0
    OnBgGroup: 0
    OffBgGroup: 0
  WalkPath:
  - Serial: 59
    Flag: 1
    Id: 0
    Positions:
    - X: -111.90070343017578
      Y: -301.59979248046875
      Z: 902.43548583984375
    - X: -196.56448364257812
      Y: -311.49481201171875
      Z: 843.4273681640625
    - X: -273.53158569335938
      Y: -312.00006103515625
      Z: 979.40252685546875
    - X: -324.8428955078125
      Y: -312.54815673828125
      Z: 1300.0987548828125
    - X: -268.400390625
      Y: -312.54815673828125
      Z: 1310.3609619140625
    - X: -240.17919921875
      Y: -312.23809814453125
      Z: 1153.861328125
    - X: -142.68753051757812
      Y: -312.00958251953125
      Z: 1020.4517211914062
  ReturnParameters:
  - Id: 0
    Type: 0
    Rate: 0
    EntryType: 4
    Argument04: 0
    Argument08: 0
    Argument0c: 0
  - Id: 1
    Type: 4
    Rate: 10
    EntryType: 2
    Argument04: 0
    Argument08: 0
    Argument0c: 0
  - Id: 1
    Type: 0
    Rate: 20
    EntryType: 0
    Argument04: 0
    Argument08: 0
    Argument0c: 0
  - Id: 1
    Type: 3
    Rate: 30
    EntryType: 0
    Argument04: 0
    Argument08: 0
    Argument0c: 0
  - Id: 1
    Type: 4
    Rate: 20
    EntryType: 3
    Argument04: -1056384666
    Argument08: -1222643522
    Argument0c: -995079422
  - Id: 2
    Type: 4
    Rate: 10
    EntryType: 2
    Argument04: 0
    Argument08: 0
    Argument0c: 0
  - Id: 2
    Type: 0
    Rate: 10
    EntryType: 0
    Argument04: 0
    Argument08: 0
    Argument0c: 0
  - Id: 2
    Type: 3
    Rate: 30
    EntryType: 0
    Argument04: 0
    Argument08: 0
    Argument0c: 0
  - Id: 2
    Type: 4
    Rate: 10
    EntryType: 3
    Argument04: -1056384666
    Argument08: -1222643522
    Argument0c: -995079422
  Signals: []
