- Type: 3
  Flag: 0
  Id: 27
  Teleport:
    Place: 9
    Door: 0
    World: 0
    Unknown: 0
  Unk20: 0
  Unk24: 0
  Entities: []
  EventActivators:
  - Shape: 1
    Option: 0
    PositionX: 0.30301600694656372
    PositionY: -500
    PositionZ: 1153.2099609375
    ScaleX: 679.42999267578125
    ScaleY: 500
    ScaleZ: 764.55499267578125
    RotationX: 0
    RotationY: -1.581102728843689
    RotationZ: 0
    Flags: 0
    Type: 0
    OnBgGroup: 0
    OffBgGroup: 0
  WalkPath: []
  ReturnParameters: []
  Signals: []
