- Type: 1
  Flag: 0
  Id: 38
  Teleport:
    Place: 0
    Door: 0
    World: 0
    Unknown: 0
  Unk20: 0
  Unk24: 0
  Entities:
  - ObjectId: 566
    PositionX: 1.0195679664611816
    PositionY: -301.51220703125
    PositionZ: 857.49481201171875
    RotationX: 0
    RotationY: -3.1415927410125732
    RotationZ: 0
    SpawnType: 1
    SpawnArgument: 50
    Serial: 22
    Argument1: 0
    Argument2: 0
    ReactionCommand: 0
    SpawnDelay: 0
    Command: 0
    SpawnRange: 0
    Level: 0
    Medal: 0
  - ObjectId: 567
    PositionX: -98.980377197265625
    PositionY: -301.19891357421875
    PositionZ: 757.49481201171875
    RotationX: 0
    RotationY: -3.1415927410125732
    RotationZ: 0
    SpawnType: 1
    SpawnArgument: 50
    Serial: 23
    Argument1: 0
    Argument2: 0
    ReactionCommand: 0
    SpawnDelay: 0
    Command: 0
    SpawnRange: 0
    Level: 0
    Medal: 0
  - ObjectId: 568
    PositionX: 101.01959991455078
    PositionY: -301.19879150390625
    PositionZ: 757.49481201171875
    RotationX: 0
    RotationY: -3.1415927410125732
    RotationZ: 0
    SpawnType: 1
    SpawnArgument: 50
    Serial: 24
    Argument1: 0
    Argument2: 0
    ReactionCommand: 0
    SpawnDelay: 0
    Command: 0
    SpawnRange: 0
    Level: 0
    Medal: 0
  EventActivators: []
  WalkPath: []
  ReturnParameters: []
  Signals: []
