- Type: 1
  Flag: 0
  Id: 13
  Teleport:
    Place: 10
    Door: 1
    World: 1
    Unknown: 0
  Unk20: 0
  Unk24: 0
  Entities: []
  EventActivators:
  - Shape: 0
    Option: 0
    PositionX: 0
    PositionY: -340
    PositionZ: -2050
    ScaleX: 50
    ScaleY: 410
    ScaleZ: 350
    RotationX: 0
    RotationY: 1.5707963705062866
    RotationZ: 0
    Flags: 0
    Type: 0
    OnBgGroup: 0
    OffBgGroup: 0
  - Shape: 1
    Option: 1
    PositionX: -2.1489160060882568
    PositionY: -505.90670776367188
    PositionZ: -2198.583984375
    ScaleX: 400
    ScaleY: 593.8900146484375
    ScaleZ: 597.405029296875
    RotationX: 0
    RotationY: 1.5707963705062866
    RotationZ: 0
    Flags: 0
    Type: 0
    OnBgGroup: 0
    OffBgGroup: 0
  WalkPath: []
  ReturnParameters: []
  Signals: []
