- Type: 6
  Flag: 0
  Id: 1300
  Teleport:
    Place: 0
    Door: 0
    World: 0
    Unknown: 0
  Unk20: 0
  Unk24: 0
  Entities:
  - ObjectId: 1087
    PositionX: 84.85247802734375
    PositionY: 1.9375500414753333E-05
    PositionZ: -991.8936767578125
    RotationX: 0
    RotationY: -3.1415927410125732
    RotationZ: 0
    SpawnType: 0
    SpawnArgument: 0
    Serial: 652
    Argument1: 0
    Argument2: 1
    ReactionCommand: 904
    SpawnDelay: 0
    Command: 214
    SpawnRange: 0
    Level: 0
    Medal: 0
  EventActivators: []
  WalkPath: []
  ReturnParameters:
  - Id: 0
    Type: 0
    Rate: 0
    EntryType: 4
    Argument04: 0
    Argument08: 0
    Argument0c: 0
  Signals: []
