- Type: 2
  Flag: 0
  Id: 1007
  Teleport:
    Place: 0
    Door: 0
    World: 0
    Unknown: 0
  Unk20: 0
  Unk24: 0
  Entities:
  - ObjectId: 10
    PositionX: 599.091796875
    PositionY: -3.04256500385236E-05
    PositionZ: -1069.14794921875
    RotationX: 0
    RotationY: 0
    RotationZ: 0
    SpawnType: 2
    SpawnArgument: 1
    Serial: 562
    Argument1: 0
    Argument2: 0
    ReactionCommand: 0
    SpawnDelay: 0
    Command: 0
    SpawnRange: 0
    Level: 0
    Medal: 0
  - ObjectId: 10
    PositionX: 1099.092041015625
    PositionY: -3.04256500385236E-05
    PositionZ: -669.147705078125
    RotationX: 0
    RotationY: 0
    RotationZ: 0
    SpawnType: 2
    SpawnArgument: 1
    Serial: 563
    Argument1: 0
    Argument2: 0
    ReactionCommand: 0
    SpawnDelay: 0
    Command: 0
    SpawnRange: 0
    Level: 0
    Medal: 0
  EventActivators:
  - Shape: 2
    Option: 0
    PositionX: -757.6602783203125
    PositionY: -350
    PositionZ: -925.41632080078125
    ScaleX: 727.4949951171875
    ScaleY: 400
    ScaleZ: 795.77001953125
    RotationX: 0
    RotationY: -3.1257119178771973
    RotationZ: 0
    Flags: 0
    Type: 0
    OnBgGroup: 0
    OffBgGroup: 0
  WalkPath: []
  ReturnParameters: []
  Signals: []
- Type: 2
  Flag: 0
  Id: 1028
  Teleport:
    Place: 0
    Door: 0
    World: 0
    Unknown: 0
  Unk20: 0
  Unk24: 0
  Entities: []
  EventActivators:
  - Shape: 2
    Option: 0
    PositionX: 888.54547119140625
    PositionY: -350
    PositionZ: -923.7510986328125
    ScaleX: 727.4949951171875
    ScaleY: 400
    ScaleZ: 795.77001953125
    RotationX: 0
    RotationY: -3.1257119178771973
    RotationZ: 0
    Flags: 0
    Type: 0
    OnBgGroup: 0
    OffBgGroup: 0
  WalkPath: []
  ReturnParameters: []
  Signals: []
