- Type: 3
  Flag: 0
  Id: 18
  Teleport:
    Place: 9
    Door: 0
    World: 0
    Unknown: 0
  Unk20: 0
  Unk24: 0
  Entities: []
  EventActivators:
  - Shape: 1
    Option: 0
    PositionX: -288.24179077148438
    PositionY: -480
    PositionZ: -237.56230163574219
    ScaleX: 1770.9000244140625
    ScaleY: 500
    ScaleZ: 1016.39599609375
    RotationX: 0
    RotationY: -1.5707963705062866
    RotationZ: 0
    Flags: 0
    Type: 0
    OnBgGroup: 0
    OffBgGroup: 0
  WalkPath: []
  ReturnParameters: []
  Signals: []
