- Type: 6
  Flag: 0
  Id: 302
  Teleport:
    Place: 0
    Door: 0
    World: 0
    Unknown: 0
  Unk20: 0
  Unk24: 0
  Entities:
  - ObjectId: 1261
    PositionX: 1093.0169677734375
    PositionY: 60.000011444091797
    PositionZ: 383.69931030273438
    RotationX: 0
    RotationY: 0
    RotationZ: 0
    SpawnType: 0
    SpawnArgument: 0
    Serial: 74
    Argument1: 0
    Argument2: 0
    ReactionCommand: 1391
    SpawnDelay: 0
    Command: 31
    SpawnRange: 0
    Level: 0
    Medal: 0
  EventActivators:
  - Shape: 0
    Option: 0
    PositionX: 1013.2459716796875
    PositionY: -40.999980926513672
    PositionZ: 323.04949951171875
    ScaleX: 75.502449035644531
    ScaleY: 100
    ScaleZ: 36.87274169921875
    RotationX: 0
    RotationY: -1.9216406345367432
    RotationZ: 0
    Flags: 0
    Type: 0
    OnBgGroup: 0
    OffBgGroup: 0
  - Shape: 0
    Option: 1
    PositionX: 1189.2340087890625
    PositionY: -39.999980926513672
    PositionZ: 381.48611450195312
    ScaleX: 122.58899688720703
    ScaleY: 100
    ScaleZ: 36.872749328613281
    RotationX: 0
    RotationY: -1.6030288934707642
    RotationZ: 0
    Flags: 0
    Type: 0
    OnBgGroup: 0
    OffBgGroup: 0
  WalkPath:
  - Serial: 81
    Flag: 1
    Id: 0
    Positions:
    - X: 1179.9649658203125
      Y: 60.000019073486328
      Z: 405.56930541992188
    - X: 1045.9222412109375
      Y: 60.000011444091797
      Z: 361.15933227539062
    - X: 998.78369140625
      Y: 60.000026702880859
      Z: 231.49240112304688
    - X: 1088.5670166015625
      Y: 60.000026702880859
      Z: 196.5570068359375
    - X: 1256.776123046875
      Y: 60.000011444091797
      Z: 404.51065063476562
    - X: 1221.6719970703125
      Y: 60.000007629394531
      Z: 230.01400756835938
    - X: 1153.70751953125
      Y: 60.000026702880859
      Z: 218.33439636230469
    - X: 1203.630615234375
      Y: 60.000015258789062
      Z: 507.96240234375
    - X: 1297.1419677734375
      Y: 60.000015258789062
      Z: 500.21359252929688
    - X: 1280.9605712890625
      Y: 60.000011444091797
      Z: 390.60275268554688
  ReturnParameters:
  - Id: 0
    Type: 2
    Rate: 0
    EntryType: 0
    Argument04: 0
    Argument08: 0
    Argument0c: 0
  - Id: 1
    Type: 0
    Rate: 30
    EntryType: 0
    Argument04: 0
    Argument08: 0
    Argument0c: 0
  - Id: 1
    Type: 3
    Rate: 30
    EntryType: 0
    Argument04: 0
    Argument08: 0
    Argument0c: 0
  Signals: []
