- Type: 2
  Flag: 0
  Id: 100
  Teleport:
    Place: 0
    Door: 0
    World: 0
    Unknown: 0
  Unk20: 0
  Unk24: 0
  Entities:
  - ObjectId: 121
    PositionX: 761.43841552734375
    PositionY: 4.9581298828125
    PositionZ: -270.68209838867188
    RotationX: 0
    RotationY: 0
    RotationZ: 0
    SpawnType: 2
    SpawnArgument: 0
    Serial: 44
    Argument1: 0
    Argument2: 0
    ReactionCommand: 0
    SpawnDelay: 0
    Command: 0
    SpawnRange: 0
    Level: 0
    Medal: 0
  - ObjectId: 1839
    PositionX: 661.43841552734375
    PositionY: -400
    PositionZ: 29.317869186401367
    RotationX: 0
    RotationY: 0
    RotationZ: 0
    SpawnType: 2
    SpawnArgument: 0
    Serial: 46
    Argument1: 0
    Argument2: 0
    ReactionCommand: 0
    SpawnDelay: 0
    Command: 0
    SpawnRange: 0
    Level: 0
    Medal: 0
  - ObjectId: 121
    PositionX: 811.43841552734375
    PositionY: 11.856780052185059
    PositionZ: 329.31790161132812
    RotationX: 0
    RotationY: 0
    RotationZ: 0
    SpawnType: 2
    SpawnArgument: 0
    Serial: 47
    Argument1: 0
    Argument2: 0
    ReactionCommand: 0
    SpawnDelay: 0
    Command: 0
    SpawnRange: 0
    Level: 0
    Medal: 0
  EventActivators:
  - Shape: 0
    Option: 0
    PositionX: -314.68701171875
    PositionY: -325
    PositionZ: 7.9737582206726074
    ScaleX: 359.01348876953125
    ScaleY: 175
    ScaleZ: 81.197998046875
    RotationX: 0
    RotationY: -1.5959300994873047
    RotationZ: 0
    Flags: 0
    Type: 0
    OnBgGroup: 0
    OffBgGroup: 0
  WalkPath: []
  ReturnParameters: []
  Signals: []
- Type: 2
  Flag: 1
  Id: 101
  Teleport:
    Place: 0
    Door: 0
    World: 25
    Unknown: 0
  Unk20: 0
  Unk24: 0
  Entities:
  - ObjectId: 121
    PositionX: 560.56768798828125
    PositionY: -400
    PositionZ: -357.84500122070312
    RotationX: 0
    RotationY: 0
    RotationZ: 0
    SpawnType: 2
    SpawnArgument: 0
    Serial: 19
    Argument1: 0
    Argument2: 0
    ReactionCommand: 0
    SpawnDelay: 25
    Command: 0
    SpawnRange: 0
    Level: 0
    Medal: 0
  - ObjectId: 121
    PositionX: 1160.5679931640625
    PositionY: -400
    PositionZ: -257.84500122070312
    RotationX: 0
    RotationY: 0
    RotationZ: 0
    SpawnType: 2
    SpawnArgument: 0
    Serial: 20
    Argument1: 0
    Argument2: 0
    ReactionCommand: 0
    SpawnDelay: 25
    Command: 0
    SpawnRange: 0
    Level: 0
    Medal: 0
  - ObjectId: 121
    PositionX: 510.56768798828125
    PositionY: -400
    PositionZ: 342.15499877929688
    RotationX: 0
    RotationY: 0
    RotationZ: 0
    SpawnType: 2
    SpawnArgument: 0
    Serial: 21
    Argument1: 0
    Argument2: 0
    ReactionCommand: 0
    SpawnDelay: 25
    Command: 0
    SpawnRange: 0
    Level: 0
    Medal: 0
  - ObjectId: 121
    PositionX: 960.56768798828125
    PositionY: -400
    PositionZ: 242.15499877929688
    RotationX: 0
    RotationY: 0
    RotationZ: 0
    SpawnType: 2
    SpawnArgument: 0
    Serial: 22
    Argument1: 0
    Argument2: 0
    ReactionCommand: 0
    SpawnDelay: 25
    Command: 0
    SpawnRange: 0
    Level: 0
    Medal: 0
  EventActivators:
  - Shape: 0
    Option: 0
    PositionX: 673.39300537109375
    PositionY: -195
    PositionZ: -81.530296325683594
    ScaleX: 1206.18505859375
    ScaleY: 275
    ScaleZ: 926.8499755859375
    RotationX: 0
    RotationY: -1.5959300994873047
    RotationZ: 0
    Flags: 0
    Type: 0
    OnBgGroup: 0
    OffBgGroup: 0
  WalkPath: []
  ReturnParameters: []
  Signals:
  - SignalId: 3
    Argument: 100
    Action: 0
    Padding05: 0
    Padding06: 0
    Padding07: 0
