- Type: 2
  Flag: 0
  Id: 112
  Teleport:
    Place: 0
    Door: 0
    World: 0
    Unknown: 0
  Unk20: 0
  Unk24: 0
  Entities:
  - ObjectId: 121
    PositionX: 824.27001953125
    PositionY: -400
    PositionZ: -297.84408569335938
    RotationX: 0
    RotationY: 0
    RotationZ: 0
    SpawnType: 2
    SpawnArgument: 0
    Serial: 30
    Argument1: 0
    Argument2: 0
    ReactionCommand: 0
    SpawnDelay: 0
    Command: 0
    SpawnRange: 0
    Level: 0
    Medal: 0
  - ObjectId: 121
    PositionX: 824.27001953125
    PositionY: -400
    PositionZ: 302.15591430664062
    RotationX: 0
    RotationY: 0
    RotationZ: 0
    SpawnType: 2
    SpawnArgument: 0
    Serial: 41
    Argument1: 0
    Argument2: 0
    ReactionCommand: 0
    SpawnDelay: 20
    Command: 0
    SpawnRange: 0
    Level: 0
    Medal: 0
  - ObjectId: 16
    PositionX: 824.27001953125
    PositionY: 50
    PositionZ: 2.1559031009674072
    RotationX: 0
    RotationY: 0
    RotationZ: 0
    SpawnType: 2
    SpawnArgument: 0
    Serial: 43
    Argument1: 2
    Argument2: 0
    ReactionCommand: 0
    SpawnDelay: 0
    Command: 0
    SpawnRange: 0
    Level: 0
    Medal: 0
  - ObjectId: 16
    PositionX: 772.265625
    PositionY: -100
    PositionZ: -317.22711181640625
    RotationX: 0
    RotationY: 0
    RotationZ: 0
    SpawnType: 2
    SpawnArgument: 0
    Serial: 25
    Argument1: 0
    Argument2: 0
    ReactionCommand: 0
    SpawnDelay: 0
    Command: 0
    SpawnRange: 0
    Level: 1
    Medal: 0
  - ObjectId: 16
    PositionX: 772.265625
    PositionY: -100
    PositionZ: 332.77288818359375
    RotationX: 0
    RotationY: -2.552544116973877
    RotationZ: 0
    SpawnType: 2
    SpawnArgument: 0
    Serial: 27
    Argument1: 0
    Argument2: 0
    ReactionCommand: 0
    SpawnDelay: 30
    Command: 0
    SpawnRange: 0
    Level: 1
    Medal: 0
  EventActivators:
  - Shape: 0
    Option: 0
    PositionX: 688.67901611328125
    PositionY: -125
    PositionZ: -11.581199645996094
    ScaleX: 1080.3699951171875
    ScaleY: 175
    ScaleZ: 1005.2550048828125
    RotationX: 0
    RotationY: -1.5959300994873047
    RotationZ: 0
    Flags: 0
    Type: 0
    OnBgGroup: 0
    OffBgGroup: 0
  WalkPath: []
  ReturnParameters: []
  Signals: []
