- Type: 2
  Flag: 0
  Id: 197
  Teleport:
    Place: 0
    Door: 0
    World: 0
    Unknown: 0
  Unk20: 0
  Unk24: 0
  Entities:
  - ObjectId: 302
    PositionX: -125.14299774169922
    PositionY: -0
    PositionZ: -96.639701843261719
    RotationX: 0
    RotationY: 0.97933042049407959
    RotationZ: 0
    SpawnType: 2
    SpawnArgument: 0
    Serial: 33
    Argument1: 0
    Argument2: 0
    ReactionCommand: 0
    SpawnDelay: 15
    Command: 0
    SpawnRange: 0
    Level: 0
    Medal: 0
  - ObjectId: 302
    PositionX: -166.02479553222656
    PositionY: -0
    PositionZ: 111.51570129394531
    RotationX: 0
    RotationY: 0.97933042049407959
    RotationZ: 0
    SpawnType: 2
    SpawnArgument: 0
    Serial: 34
    Argument1: 0
    Argument2: 0
    ReactionCommand: 0
    SpawnDelay: 15
    Command: 0
    SpawnRange: 0
    Level: 0
    Medal: 0
  - ObjectId: 302
    PositionX: 68.760780334472656
    PositionY: -0
    PositionZ: -166.64920043945312
    RotationX: 0
    RotationY: 0.97933042049407959
    RotationZ: 0
    SpawnType: 2
    SpawnArgument: 0
    Serial: 35
    Argument1: 0
    Argument2: 0
    ReactionCommand: 0
    SpawnDelay: 15
    Command: 0
    SpawnRange: 0
    Level: 0
    Medal: 0
  - ObjectId: 302
    PositionX: 208.1553955078125
    PositionY: -0
    PositionZ: 40.881858825683594
    RotationX: 0
    RotationY: 0.97933042049407959
    RotationZ: 0
    SpawnType: 2
    SpawnArgument: 0
    Serial: 36
    Argument1: 0
    Argument2: 0
    ReactionCommand: 0
    SpawnDelay: 15
    Command: 0
    SpawnRange: 0
    Level: 0
    Medal: 0
  - ObjectId: 302
    PositionX: 70.009490966796875
    PositionY: -0
    PositionZ: 193.90379333496094
    RotationX: 0
    RotationY: 0.97933042049407959
    RotationZ: 0
    SpawnType: 2
    SpawnArgument: 0
    Serial: 37
    Argument1: 0
    Argument2: 0
    ReactionCommand: 0
    SpawnDelay: 15
    Command: 0
    SpawnRange: 0
    Level: 0
    Medal: 0
  EventActivators:
  - Shape: 1
    Option: 0
    PositionX: 10.631560325622559
    PositionY: -125
    PositionZ: -1.8243099451065063
    ScaleX: 565.25
    ScaleY: 175
    ScaleZ: 555.33001708984375
    RotationX: 0
    RotationY: 0
    RotationZ: 0
    Flags: 0
    Type: 0
    OnBgGroup: 0
    OffBgGroup: 0
  WalkPath: []
  ReturnParameters:
  - Id: 0
    Type: 0
    Rate: 0
    EntryType: 0
    Argument04: 0
    Argument08: 0
    Argument0c: 0
  - Id: 0
    Type: 0
    Rate: 0
    EntryType: 0
    Argument04: 0
    Argument08: 0
    Argument0c: 0
  - Id: 0
    Type: 0
    Rate: 0
    EntryType: 0
    Argument04: 0
    Argument08: 0
    Argument0c: 0
  Signals: []
