- Type: 1
  Flag: 0
  Id: 68
  Teleport:
    Place: 0
    Door: 0
    World: 0
    Unknown: 0
  Unk20: 0
  Unk24: 0
  Entities:
  - ObjectId: 566
    PositionX: -24.520940780639648
    PositionY: 1.2386500202410389E-05
    PositionZ: 10.018699645996094
    RotationX: 0
    RotationY: -1.9198621511459351
    RotationZ: 0
    SpawnType: 1
    SpawnArgument: 50
    Serial: 13
    Argument1: 0
    Argument2: 0
    ReactionCommand: 0
    SpawnDelay: 0
    Command: 0
    SpawnRange: 0
    Level: 0
    Medal: 0
  - ObjectId: 567
    PositionX: 35.246330261230469
    PositionY: 1.2386500202410389E-05
    PositionZ: -118.15260314941406
    RotationX: 0
    RotationY: -1.9198621511459351
    RotationZ: 0
    SpawnType: 1
    SpawnArgument: 50
    Serial: 14
    Argument1: 0
    Argument2: 0
    ReactionCommand: 0
    SpawnDelay: 0
    Command: 0
    SpawnRange: 0
    Level: 0
    Medal: 0
  - ObjectId: 568
    PositionX: 103.65029907226562
    PositionY: 1.2386500202410389E-05
    PositionZ: 69.785957336425781
    RotationX: 0
    RotationY: -1.9198621511459351
    RotationZ: 0
    SpawnType: 1
    SpawnArgument: 50
    Serial: 15
    Argument1: 0
    Argument2: 0
    ReactionCommand: 0
    SpawnDelay: 0
    Command: 0
    SpawnRange: 0
    Level: 0
    Medal: 0
  EventActivators: []
  WalkPath: []
  ReturnParameters: []
  Signals: []
