- Type: 1
  Flag: 0
  Id: 22
  Teleport:
    Place: 19
    Door: 0
    World: 0
    Unknown: 0
  Unk20: 0
  Unk24: 0
  Entities:
  - ObjectId: 566
    PositionX: -0.31592899560928345
    PositionY: -0.00043977299355901778
    PositionZ: 782.376220703125
    RotationX: 0
    RotationY: 3.1415927410125732
    RotationZ: 0
    SpawnType: 1
    SpawnArgument: 0
    Serial: 1
    Argument1: 0
    Argument2: 0
    ReactionCommand: 0
    SpawnDelay: 0
    Command: 0
    SpawnRange: 0
    Level: 0
    Medal: 0
  - ObjectId: 567
    PositionX: -100.31590270996094
    PositionY: -0.00043977299355901778
    PositionZ: 682.376220703125
    RotationX: 0
    RotationY: 3.1415927410125732
    RotationZ: 0
    SpawnType: 1
    SpawnArgument: 0
    Serial: 2
    Argument1: 0
    Argument2: 0
    ReactionCommand: 0
    SpawnDelay: 0
    Command: 0
    SpawnRange: 0
    Level: 0
    Medal: 0
  - ObjectId: 568
    PositionX: 99.68408203125
    PositionY: -0.00043977299355901778
    PositionZ: 682.376220703125
    RotationX: 0
    RotationY: 3.1415927410125732
    RotationZ: 0
    SpawnType: 1
    SpawnArgument: 0
    Serial: 3
    Argument1: 0
    Argument2: 0
    ReactionCommand: 0
    SpawnDelay: 0
    Command: 0
    SpawnRange: 0
    Level: 0
    Medal: 0
  EventActivators: []
  WalkPath: []
  ReturnParameters: []
  Signals: []
