- Type: 1
  Flag: 0
  Id: 31
  Teleport:
    Place: 0
    Door: 0
    World: 0
    Unknown: 0
  Unk20: 0
  Unk24: 0
  Entities:
  - ObjectId: 566
    PositionX: -313.38531494140625
    PositionY: 0.00018358530360274017
    PositionZ: 280.29071044921875
    RotationX: 0
    RotationY: -2.4434609413146973
    RotationZ: 0
    SpawnType: 1
    SpawnArgument: 50
    Serial: 7
    Argument1: 0
    Argument2: 0
    ReactionCommand: 0
    SpawnDelay: 0
    Command: 0
    SpawnRange: 0
    Level: 0
    Medal: 0
  - ObjectId: 567
    PositionX: -325.71099853515625
    PositionY: 0.00015815410006325692
    PositionZ: 139.40739440917969
    RotationX: 0
    RotationY: -2.4434609413146973
    RotationZ: 0
    SpawnType: 1
    SpawnArgument: 50
    Serial: 21
    Argument1: 0
    Argument2: 0
    ReactionCommand: 0
    SpawnDelay: 0
    Command: 0
    SpawnRange: 0
    Level: 0
    Medal: 0
  - ObjectId: 568
    PositionX: -172.50210571289062
    PositionY: 0.00015815410006325692
    PositionZ: 267.96499633789062
    RotationX: 0
    RotationY: -2.4434609413146973
    RotationZ: 0
    SpawnType: 1
    SpawnArgument: 50
    Serial: 22
    Argument1: 0
    Argument2: 0
    ReactionCommand: 0
    SpawnDelay: 0
    Command: 0
    SpawnRange: 0
    Level: 0
    Medal: 0
  EventActivators: []
  WalkPath: []
  ReturnParameters: []
  Signals: []
