- Type: 1
  Flag: 0
  Id: 120
  Teleport:
    Place: 0
    Door: 0
    World: 0
    Unknown: 0
  Unk20: 0
  Unk24: 0
  Entities:
  - ObjectId: 1159
    PositionX: -1551.113037109375
    PositionY: -0.012846319936215878
    PositionZ: 1456.866943359375
    RotationX: 0
    RotationY: 2.445136547088623
    RotationZ: 0
    SpawnType: 0
    SpawnArgument: 0
    Serial: 57
    Argument1: 0
    Argument2: 0
    ReactionCommand: 0
    SpawnDelay: 0
    Command: 0
    SpawnRange: 0
    Level: 0
    Medal: 0
  EventActivators: []
  WalkPath: []
  ReturnParameters: []
  Signals: []
