- Type: 6
  Flag: 0
  Id: 262
  Teleport:
    Place: 0
    Door: 0
    World: 0
    Unknown: 0
  Unk20: 0
  Unk24: 0
  Entities:
  - ObjectId: 1101
    PositionX: 276.75619506835938
    PositionY: -5.7410129556956235E-06
    PositionZ: -694.5977783203125
    RotationX: 0
    RotationY: 0.48234459757804871
    RotationZ: 0
    SpawnType: 0
    SpawnArgument: 0
    Serial: 122
    Argument1: 0
    Argument2: 0
    ReactionCommand: 223
    SpawnDelay: 0
    Command: 31
    SpawnRange: 0
    Level: 0
    Medal: 0
  EventActivators:
  - Shape: 0
    Option: 1
    PositionX: 338.95431518554688
    PositionY: -100
    PositionZ: -581.80377197265625
    ScaleX: 19.150054931640625
    ScaleY: 100
    ScaleZ: 40.557106018066406
    RotationX: 0
    RotationY: 1.3035783767700195
    RotationZ: 0
    Flags: 0
    Type: 0
    OnBgGroup: 0
    OffBgGroup: 0
  - Shape: 0
    Option: 2
    PositionX: 283.10321044921875
    PositionY: -100
    PositionZ: -770.65887451171875
    ScaleX: 16.905649185180664
    ScaleY: 100
    ScaleZ: 42.2646484375
    RotationX: 0
    RotationY: -1.8032916784286499
    RotationZ: 0
    Flags: 0
    Type: 0
    OnBgGroup: 0
    OffBgGroup: 0
  WalkPath:
  - Serial: 173
    Flag: 0
    Id: 0
    Positions:
    - X: 345.55850219726562
      Y: 2.5055229343706742E-05
      Z: -552.4083251953125
    - X: 276.1065673828125
      Y: -1.796648939489387E-05
      Z: -796.19378662109375
  ReturnParameters:
  - Id: 1
    Type: 5
    Rate: 20
    EntryType: 1
    Argument04: 1075
    Argument08: 0
    Argument0c: 0
  - Id: 1
    Type: 5
    Rate: 20
    EntryType: 1
    Argument04: 1076
    Argument08: 0
    Argument0c: 0
  - Id: 2
    Type: 5
    Rate: 20
    EntryType: 1
    Argument04: 1075
    Argument08: 0
    Argument0c: 0
  - Id: 2
    Type: 5
    Rate: 20
    EntryType: 1
    Argument04: 1076
    Argument08: 0
    Argument0c: 0
  Signals: []
