- Type: 1
  Flag: 0
  Id: 12
  Teleport:
    Place: 0
    Door: 0
    World: 0
    Unknown: 0
  Unk20: 0
  Unk24: 0
  Entities:
  - ObjectId: 566
    PositionX: 152.9385986328125
    PositionY: 2.9551090847235173E-05
    PositionZ: -1301.6319580078125
    RotationX: 0
    RotationY: -2.7518641948699951
    RotationZ: 0
    SpawnType: 1
    SpawnArgument: 50
    Serial: 172
    Argument1: 0
    Argument2: 0
    ReactionCommand: 0
    SpawnDelay: 0
    Command: 0
    SpawnRange: 0
    Level: 0
    Medal: 0
  EventActivators: []
  WalkPath: []
  ReturnParameters: []
  Signals: []
