- Type: 6
  Flag: 0
  Id: 139
  Teleport:
    Place: 0
    Door: 0
    World: 0
    Unknown: 0
  Unk20: 0
  Unk24: 0
  Entities:
  - ObjectId: 1065
    PositionX: 2346.591064453125
    PositionY: 0.47030109167098999
    PositionZ: -1439.43798828125
    RotationX: 0
    RotationY: 1.4721894264221191
    RotationZ: 0
    SpawnType: 0
    SpawnArgument: 0
    Serial: 37
    Argument1: 0
    Argument2: 0
    ReactionCommand: 584
    SpawnDelay: 0
    Command: 31
    SpawnRange: 0
    Level: 0
    Medal: 0
  EventActivators:
  - Shape: 0
    Option: 1
    PositionX: 2405.160888671875
    PositionY: -99.526405334472656
    PositionZ: -1502.7669677734375
    ScaleX: 70.168502807617188
    ScaleY: 100
    ScaleZ: 30.107450485229492
    RotationX: 0
    RotationY: -1.962860107421875
    RotationZ: 0
    Flags: 0
    Type: 0
    OnBgGroup: 0
    OffBgGroup: 0
  - Shape: 0
    Option: 0
    PositionX: 2357.070068359375
    PositionY: -99.529937744140625
    PositionZ: -1374.093994140625
    ScaleX: 56.419300079345703
    ScaleY: 100
    ScaleZ: 30.107444763183594
    RotationX: 0
    RotationY: -1.6098017692565918
    RotationZ: 0
    Flags: 0
    Type: 0
    OnBgGroup: 0
    OffBgGroup: 0
  WalkPath:
  - Serial: 142
    Flag: 1
    Id: 0
    Positions:
    - X: 2452.47998046875
      Y: 0.47186020016670227
      Z: -1323.322998046875
    - X: 2368.566650390625
      Y: 0.46725150942802429
      Z: -1318.861083984375
    - X: 2358.854736328125
      Y: 0.46975132822990417
      Z: -1411.78564453125
    - X: 2312.80078125
      Y: 0.4687095582485199
      Z: -1474.744873046875
    - X: 2306.510498046875
      Y: 0.46837326884269714
      Z: -1537.2816162109375
    - X: 2376.859130859375
      Y: 0.4718204140663147
      Z: -1551.6190185546875
    - X: 2426.963134765625
      Y: 0.47408124804496765
      Z: -1460.931884765625
    - X: 2471.73486328125
      Y: 0.47527533769607544
      Z: -1387.737548828125
  ReturnParameters:
  - Id: 0
    Type: 0
    Rate: 0
    EntryType: 0
    Argument04: 0
    Argument08: 0
    Argument0c: 0
  - Id: 0
    Type: 0
    Rate: 0
    EntryType: 0
    Argument04: 0
    Argument08: 0
    Argument0c: 0
  - Id: 0
    Type: 0
    Rate: 0
    EntryType: 0
    Argument04: 0
    Argument08: 0
    Argument0c: 0
  - Id: 1
    Type: 0
    Rate: 30
    EntryType: 0
    Argument04: 0
    Argument08: 0
    Argument0c: 0
  - Id: 1
    Type: 3
    Rate: 30
    EntryType: 0
    Argument04: 0
    Argument08: 0
    Argument0c: 0
  Signals: []
