- Type: 6
  Flag: 0
  Id: 227
  Teleport:
    Place: 0
    Door: 0
    World: 0
    Unknown: 0
  Unk20: 0
  Unk24: 0
  Entities:
  - ObjectId: 1068
    PositionX: 2219.4580078125
    PositionY: 0.56992942094802856
    PositionZ: -1681.1639404296875
    RotationX: 0
    RotationY: 0.974109947681427
    RotationZ: 0
    SpawnType: 0
    SpawnArgument: 0
    Serial: 41
    Argument1: 0
    Argument2: 0
    ReactionCommand: 588
    SpawnDelay: 0
    Command: 31
    SpawnRange: 0
    Level: 0
    Medal: 0
  EventActivators:
  - Shape: 0
    Option: 1
    PositionX: 2378.4169921875
    PositionY: -99.534393310546875
    PositionZ: -1884.468994140625
    ScaleX: 94.961997985839844
    ScaleY: 100
    ScaleZ: 41.881450653076172
    RotationX: 0
    RotationY: -2.6858365535736084
    RotationZ: 0
    Flags: 0
    Type: 0
    OnBgGroup: 0
    OffBgGroup: 0
  - Shape: 0
    Option: 0
    PositionX: 2275.85400390625
    PositionY: -99.534385681152344
    PositionZ: -1715.58203125
    ScaleX: 137.18119812011719
    ScaleY: 100
    ScaleZ: 41.881450653076172
    RotationX: 0
    RotationY: -3.1215267181396484
    RotationZ: 0
    Flags: 0
    Type: 0
    OnBgGroup: 0
    OffBgGroup: 0
  WalkPath:
  - Serial: 146
    Flag: 1
    Id: 0
    Positions:
    - X: 2162.094970703125
      Y: 0.50827890634536743
      Z: -1730.60595703125
    - X: 2140.57763671875
      Y: 0.65341562032699585
      Z: -1844.583740234375
    - X: 2246.391845703125
      Y: 0.46561011672019958
      Z: -1882.6597900390625
    - X: 2320.5966796875
      Y: 0.46560332179069519
      Z: -1851.2913818359375
    - X: 2389.478271484375
      Y: 0.47907257080078125
      Z: -1770.720703125
    - X: 2512.90478515625
      Y: 0.49353918433189392
      Z: -1773.98828125
    - X: 2508.692626953125
      Y: 0.49818411469459534
      Z: -1670.4556884765625
    - X: 2314.595947265625
      Y: 0.46757081151008606
      Z: -1709.8341064453125
    - X: 2222.223876953125
      Y: 0.55441743135452271
      Z: -1823.54443359375
    - X: 2266.844970703125
      Y: 0.46560612320899963
      Z: -1915.3248291015625
    - X: 2353.095703125
      Y: 0.46560236811637878
      Z: -1895.0750732421875
    - X: 2458.245361328125
      Y: 0.47662869095802307
      Z: -1827.1629638671875
    - X: 2450.5419921875
      Y: 0.48825988173484802
      Z: -1719.5068359375
  ReturnParameters:
  - Id: 0
    Type: 0
    Rate: 0
    EntryType: 0
    Argument04: 0
    Argument08: 0
    Argument0c: 0
  - Id: 0
    Type: 0
    Rate: 0
    EntryType: 0
    Argument04: 0
    Argument08: 0
    Argument0c: 0
  - Id: 0
    Type: 0
    Rate: 0
    EntryType: 0
    Argument04: 0
    Argument08: 0
    Argument0c: 0
  - Id: 1
    Type: 0
    Rate: 30
    EntryType: 0
    Argument04: 0
    Argument08: 0
    Argument0c: 0
  - Id: 1
    Type: 3
    Rate: 30
    EntryType: 0
    Argument04: 0
    Argument08: 0
    Argument0c: 0
  Signals: []
