- Type: 6
  Flag: 0
  Id: 249
  Teleport:
    Place: 0
    Door: 0
    World: 0
    Unknown: 0
  Unk20: 0
  Unk24: 0
  Entities:
  - ObjectId: 1214
    PositionX: 2740.090087890625
    PositionY: 0.88488882780075073
    PositionZ: -2023.6739501953125
    RotationX: 0
    RotationY: -2.3592574596405029
    RotationZ: 0
    SpawnType: 0
    SpawnArgument: 0
    Serial: 42
    Argument1: 0
    Argument2: 0
    ReactionCommand: 589
    SpawnDelay: 0
    Command: 31
    SpawnRange: 0
    Level: 0
    Medal: 0
  EventActivators:
  - Shape: 0
    Option: 1
    PositionX: 2793.674072265625
    PositionY: -99.305824279785156
    PositionZ: -2158.2958984375
    ScaleX: 72.182502746582031
    ScaleY: 100
    ScaleZ: 33.485698699951172
    RotationX: 0
    RotationY: -2.7596256732940674
    RotationZ: 0
    Flags: 0
    Type: 0
    OnBgGroup: 0
    OffBgGroup: 0
  - Shape: 0
    Option: 0
    PositionX: 2600.614990234375
    PositionY: -99.528717041015625
    PositionZ: -1971.177978515625
    ScaleX: 72.182647705078125
    ScaleY: 100
    ScaleZ: 33.485706329345703
    RotationX: 0
    RotationY: -3.0434091091156006
    RotationZ: 0
    Flags: 0
    Type: 0
    OnBgGroup: 0
    OffBgGroup: 0
  WalkPath:
  - Serial: 147
    Flag: 1
    Id: 0
    Positions:
    - X: 2805.5869140625
      Y: 0.47552460432052612
      Z: -2007.9730224609375
    - X: 2721.96728515625
      Y: 1.6464996337890625
      Z: -2043.0804443359375
    - X: 2660.18603515625
      Y: 5.2347187995910645
      Z: -2147.87939453125
    - X: 2552.718505859375
      Y: 4.6388325691223145
      Z: -2109.892822265625
    - X: 2534.7998046875
      Y: 0.46559026837348938
      Z: -1985.89599609375
    - X: 2675.14501953125
      Y: 0.46760329604148865
      Z: -1979.3695068359375
    - X: 2683.553955078125
      Y: 3.3831255435943604
      Z: -2088.127197265625
    - X: 2717.341064453125
      Y: 4.167515754699707
      Z: -2177.64501953125
    - X: 2852.822509765625
      Y: 0.4997870922088623
      Z: -2134.360107421875
    - X: 2853.4609375
      Y: 0.46560987830162048
      Z: -2045.6337890625
  ReturnParameters:
  - Id: 0
    Type: 0
    Rate: 0
    EntryType: 0
    Argument04: 0
    Argument08: 0
    Argument0c: 0
  - Id: 0
    Type: 0
    Rate: 0
    EntryType: 0
    Argument04: 0
    Argument08: 0
    Argument0c: 0
  - Id: 0
    Type: 0
    Rate: 0
    EntryType: 0
    Argument04: 0
    Argument08: 0
    Argument0c: 0
  - Id: 1
    Type: 0
    Rate: 30
    EntryType: 0
    Argument04: 0
    Argument08: 0
    Argument0c: 0
  - Id: 1
    Type: 3
    Rate: 30
    EntryType: 0
    Argument04: 0
    Argument08: 0
    Argument0c: 0
  Signals: []
