- Type: 6
  Flag: 0
  Id: 401
  Teleport:
    Place: 0
    Door: 0
    World: 0
    Unknown: 0
  Unk20: 0
  Unk24: 0
  Entities:
  - ObjectId: 1355
    PositionX: 151.93150329589844
    PositionY: -2640
    PositionZ: -167.10200500488281
    RotationX: 0
    RotationY: -2.4885358810424805
    RotationZ: 0
    SpawnType: 0
    SpawnArgument: 0
    Serial: 24
    Argument1: 0
    Argument2: 0
    ReactionCommand: 1304
    SpawnDelay: 0
    Command: 31
    SpawnRange: 0
    Level: 0
    Medal: 0
  EventActivators:
  - Shape: 0
    Option: 1
    PositionX: 314.76431274414062
    PositionY: -2740
    PositionZ: -39.357719421386719
    ScaleX: 19.303720474243164
    ScaleY: 100
    ScaleZ: 41.888870239257812
    RotationX: 0
    RotationY: -0.63910293579101562
    RotationZ: 0
    Flags: 0
    Type: 0
    OnBgGroup: 0
    OffBgGroup: 0
  - Shape: 0
    Option: 1
    PositionX: 200.40119934082031
    PositionY: -2740
    PositionZ: -282.71340942382812
    ScaleX: 19.303720474243164
    ScaleY: 100
    ScaleZ: 41.888870239257812
    RotationX: 0
    RotationY: -0.13492798805236816
    RotationZ: 0
    Flags: 0
    Type: 0
    OnBgGroup: 0
    OffBgGroup: 0
  - Shape: 0
    Option: 1
    PositionX: 84.813926696777344
    PositionY: -2740
    PositionZ: -29.094680786132812
    ScaleX: 19.303720474243164
    ScaleY: 100
    ScaleZ: 41.888870239257812
    RotationX: 0
    RotationY: 0.51287984848022461
    RotationZ: 0
    Flags: 0
    Type: 0
    OnBgGroup: 0
    OffBgGroup: 0
  - Shape: 0
    Option: 1
    PositionX: 197.03460693359375
    PositionY: -2740
    PositionZ: -385.95639038085938
    ScaleX: 19.303720474243164
    ScaleY: 100
    ScaleZ: 41.888870239257812
    RotationX: 0
    RotationY: -0.13492798805236816
    RotationZ: 0
    Flags: 0
    Type: 0
    OnBgGroup: 0
    OffBgGroup: 0
  WalkPath:
  - Serial: 26
    Flag: 1
    Id: 0
    Positions:
    - X: 236.83320617675781
      Y: -2640
      Z: -371.17608642578125
    - X: 286.21029663085938
      Y: -2640
      Z: -251.10000610351562
    - X: 248.05526733398438
      Y: -2640
      Z: -151.22360229492188
    - X: 218.87788391113281
      Y: -2640
      Z: -81.646797180175781
    - X: 81.017196655273438
      Y: -2639.999755859375
      Z: -34.201698303222656
    - X: 37.530899047851562
      Y: -2640
      Z: -225.50070190429688
    - X: 118.43419647216797
      Y: -2640
      Z: -243.17570495605469
    - X: 222.53016662597656
      Y: -2640
      Z: -282.86865234375
    - X: 325.35736083984375
      Y: -2640
      Z: -99.148002624511719
    - X: 285.36785888671875
      Y: -2640
      Z: -28.947700500488281
    - X: 165.56851196289062
      Y: -2640
      Z: -173.52520751953125
    - X: 158.27874755859375
      Y: -2640
      Z: -354.34298706054688
  ReturnParameters:
  - Id: 0
    Type: 0
    Rate: 0
    EntryType: 0
    Argument04: 0
    Argument08: 0
    Argument0c: 0
  - Id: 0
    Type: 0
    Rate: 0
    EntryType: 0
    Argument04: 0
    Argument08: 0
    Argument0c: 0
  - Id: 0
    Type: 0
    Rate: 0
    EntryType: 0
    Argument04: 0
    Argument08: 0
    Argument0c: 0
  - Id: 1
    Type: 0
    Rate: 40
    EntryType: 0
    Argument04: 0
    Argument08: 0
    Argument0c: 0
  - Id: 1
    Type: 3
    Rate: 50
    EntryType: 0
    Argument04: 0
    Argument08: 0
    Argument0c: 0
  - Id: 1
    Type: 0
    Rate: 40
    EntryType: 0
    Argument04: 0
    Argument08: 0
    Argument0c: 0
  Signals: []
