- Type: 4
  Flag: 0
  Id: 407
  Teleport:
    Place: 96
    Door: 0
    World: 0
    Unknown: 0
  Unk20: 0
  Unk24: 0
  Entities:
  - ObjectId: 1211
    PositionX: -3791.5029296875
    PositionY: 7.6967233326286077E-05
    PositionZ: 416.91030883789062
    RotationX: 0
    RotationY: 1.5707963705062866
    RotationZ: 0
    SpawnType: 3
    SpawnArgument: 0
    Serial: 952
    Argument1: 1
    Argument2: 0
    ReactionCommand: 0
    SpawnDelay: 0
    Command: 0
    SpawnRange: 0
    Level: 0
    Medal: 0
  EventActivators: []
  WalkPath: []
  ReturnParameters: []
  Signals: []
- Type: 4
  Flag: 0
  Id: 417
  Teleport:
    Place: 96
    Door: 0
    World: 0
    Unknown: 0
  Unk20: 0
  Unk24: 0
  Entities: []
  EventActivators:
  - Shape: 0
    Option: 0
    PositionX: 495.69088745117188
    PositionY: -350
    PositionZ: 578.30657958984375
    ScaleX: 322.55850219726562
    ScaleY: 400
    ScaleZ: 532.1500244140625
    RotationX: 0
    RotationY: -0.023911010473966599
    RotationZ: 0
    Flags: 0
    Type: 0
    OnBgGroup: 0
    OffBgGroup: 0
  WalkPath: []
  ReturnParameters: []
  Signals: []
