- Type: 4
  Flag: 0
  Id: 500
  Teleport:
    Place: 96
    Door: 0
    World: 0
    Unknown: 0
  Unk20: 0
  Unk24: 0
  Entities:
  - ObjectId: 1211
    PositionX: -3791.615966796875
    PositionY: 7.6755648478865623E-05
    PositionZ: 417.0120849609375
    RotationX: 0
    RotationY: 1.5707963705062866
    RotationZ: 0
    SpawnType: 3
    SpawnArgument: 0
    Serial: 1051
    Argument1: 1
    Argument2: 0
    ReactionCommand: 0
    SpawnDelay: 0
    Command: 0
    SpawnRange: 0
    Level: 0
    Medal: 0
  EventActivators: []
  WalkPath: []
  ReturnParameters: []
  Signals: []
