- Type: 1
  Flag: 0
  Id: 17
  Teleport:
    Place: 0
    Door: 0
    World: 0
    Unknown: 0
  Unk20: 0
  Unk24: 0
  Entities:
  - ObjectId: 566
    PositionX: 473.77938842773438
    PositionY: -6.8492059654090554E-05
    PositionZ: 733.22747802734375
    RotationX: 0
    RotationY: -3.1415927410125732
    RotationZ: 0
    SpawnType: 1
    SpawnArgument: 50
    Serial: 4
    Argument1: 0
    Argument2: 0
    ReactionCommand: 0
    SpawnDelay: 0
    Command: 0
    SpawnRange: 0
    Level: 0
    Medal: 0
  EventActivators: []
  WalkPath: []
  ReturnParameters: []
  Signals: []
