- Type: 6
  Flag: 0
  Id: 524
  Teleport:
    Place: 0
    Door: 0
    World: 0
    Unknown: 0
  Unk20: 0
  Unk24: 0
  Entities:
  - ObjectId: 1024
    PositionX: 666.65399169921875
    PositionY: -260.0015869140625
    PositionZ: 996.23077392578125
    RotationX: 0
    RotationY: 0
    RotationZ: 0
    SpawnType: 0
    SpawnArgument: 0
    Serial: 213
    Argument1: 0
    Argument2: 2
    ReactionCommand: 732
    SpawnDelay: 0
    Command: 31
    SpawnRange: 0
    Level: 0
    Medal: 0
  EventActivators:
  - Shape: 0
    Option: 0
    PositionX: 872.65631103515625
    PositionY: -360.0015869140625
    PositionZ: 941.836181640625
    ScaleX: 77.034400939941406
    ScaleY: 100
    ScaleZ: 37.812419891357422
    RotationX: 0
    RotationY: -2.2914865016937256
    RotationZ: 0
    Flags: 0
    Type: 0
    OnBgGroup: 0
    OffBgGroup: 0
  - Shape: 0
    Option: 1
    PositionX: 738.64141845703125
    PositionY: -360.0015869140625
    PositionZ: 989.39007568359375
    ScaleX: 77.034500122070312
    ScaleY: 100
    ScaleZ: 37.812400817871094
    RotationX: 0
    RotationY: -2.2466034889221191
    RotationZ: 0
    Flags: 0
    Type: 0
    OnBgGroup: 0
    OffBgGroup: 0
  WalkPath:
  - Serial: 214
    Flag: 1
    Id: 0
    Positions:
    - X: 754.9818115234375
      Y: -260.0015869140625
      Z: 1124.43603515625
    - X: 688.02874755859375
      Y: -270.0015869140625
      Z: 1030.0491943359375
    - X: 648.88262939453125
      Y: -270.00161743164062
      Z: 949.44378662109375
    - X: 718.06292724609375
      Y: -270.00161743164062
      Z: 952.04278564453125
    - X: 796.29425048828125
      Y: -270.0015869140625
      Z: 1066.8017578125
    - X: 879.79632568359375
      Y: -270.0015869140625
      Z: 1118.0267333984375
    - X: 937.83740234375
      Y: -270.0015869140625
      Z: 1036.45458984375
    - X: 823.729248046875
      Y: -270.0015869140625
      Z: 893.48858642578125
    - X: 742.5262451171875
      Y: -270.00161743164062
      Z: 901.57757568359375
    - X: 840.07220458984375
      Y: -270.0015869140625
      Z: 1025.9287109375
    - X: 818.53564453125
      Y: -270.0015869140625
      Z: 1058.289794921875
    - X: 725.34271240234375
      Y: -270.0015869140625
      Z: 1021.2139892578125
    - X: 606.5723876953125
      Y: -270.0015869140625
      Z: 1045.802734375
    - X: 630.93682861328125
      Y: -270.0015869140625
      Z: 1121.957275390625
  ReturnParameters:
  - Id: 0
    Type: 8
    Rate: 0
    EntryType: 1
    Argument04: 1026
    Argument08: 0
    Argument0c: 0
  - Id: 0
    Type: 0
    Rate: 0
    EntryType: 0
    Argument04: 0
    Argument08: 0
    Argument0c: 0
  - Id: 0
    Type: 0
    Rate: 0
    EntryType: 0
    Argument04: 0
    Argument08: 0
    Argument0c: 0
  - Id: 1
    Type: 0
    Rate: 10
    EntryType: 0
    Argument04: 0
    Argument08: 0
    Argument0c: 0
  - Id: 1
    Type: 4
    Rate: 30
    EntryType: 2
    Argument04: 0
    Argument08: 0
    Argument0c: 0
  - Id: 1
    Type: 3
    Rate: 30
    EntryType: 0
    Argument04: 0
    Argument08: 0
    Argument0c: 0
  Signals: []
