- Type: 6
  Flag: 0
  Id: 568
  Teleport:
    Place: 0
    Door: 0
    World: 0
    Unknown: 0
  Unk20: 0
  Unk24: 0
  Entities:
  - ObjectId: 996
    PositionX: 849.4998779296875
    PositionY: -260.0015869140625
    PositionZ: -162.45989990234375
    RotationX: 0
    RotationY: 0
    RotationZ: 0
    SpawnType: 0
    SpawnArgument: 0
    Serial: 217
    Argument1: 0
    Argument2: 2
    ReactionCommand: 734
    SpawnDelay: 0
    Command: 31
    SpawnRange: 0
    Level: 0
    Medal: 0
  EventActivators:
  - Shape: 0
    Option: 0
    PositionX: 1015.6110229492188
    PositionY: -360.001708984375
    PositionZ: -146.39340209960938
    ScaleX: 65.984848022460938
    ScaleY: 100
    ScaleZ: 28.130130767822266
    RotationX: 0
    RotationY: -2.4631116390228271
    RotationZ: 0
    Flags: 0
    Type: 0
    OnBgGroup: 0
    OffBgGroup: 0
  - Shape: 0
    Option: 0
    PositionX: 957.92987060546875
    PositionY: -360.001708984375
    PositionZ: -59.649120330810547
    ScaleX: 41.151596069335938
    ScaleY: 100
    ScaleZ: 27.740400314331055
    RotationX: 0
    RotationY: -2.4740564823150635
    RotationZ: 0
    Flags: 0
    Type: 0
    OnBgGroup: 0
    OffBgGroup: 0
  - Shape: 0
    Option: 1
    PositionX: 850.97149658203125
    PositionY: -360.001708984375
    PositionZ: -43.648441314697266
    ScaleX: 41.151599884033203
    ScaleY: 100
    ScaleZ: 21.82765007019043
    RotationX: 0
    RotationY: -2.4740564823150635
    RotationZ: 0
    Flags: 0
    Type: 0
    OnBgGroup: 0
    OffBgGroup: 0
  WalkPath:
  - Serial: 218
    Flag: 1
    Id: 0
    Positions:
    - X: 1039.3189697265625
      Y: -260.0015869140625
      Z: -112.77980041503906
    - X: 1031.9884033203125
      Y: -270.0015869140625
      Z: -34.468521118164062
    - X: 957.5650634765625
      Y: -270.0015869140625
      Z: 21.086799621582031
    - X: 903.46527099609375
      Y: -270.0015869140625
      Z: 23.073999404907227
    - X: 885.74530029296875
      Y: -270.0015869140625
      Z: -28.117319107055664
    - X: 927.09210205078125
      Y: -270.0015869140625
      Z: -83.246353149414062
    - X: 990.0966796875
      Y: -270.0015869140625
      Z: -35.992870330810547
    - X: 934.31207275390625
      Y: -270.0015869140625
      Z: 8.9237003326416016
    - X: 847.29608154296875
      Y: -270.0015869140625
      Z: -64.887626647949219
    - X: 848.1627197265625
      Y: -270.0015869140625
      Z: -161.04670715332031
    - X: 958.3218994140625
      Y: -270.00155639648438
      Z: -183.98805236816406
    - X: 1041.0865478515625
      Y: -270.00164794921875
      Z: -114.34458923339844
    - X: 1019.8907470703125
      Y: -270.0015869140625
      Z: -46.719768524169922
    - X: 970.43377685546875
      Y: -270.0015869140625
      Z: -78.008857727050781
    - X: 959.33123779296875
      Y: -270.00155639648438
      Z: -126.45648956298828
    - X: 993.64825439453125
      Y: -270.00155639648438
      Z: -153.70828247070312
  ReturnParameters:
  - Id: 0
    Type: 8
    Rate: 0
    EntryType: 1
    Argument04: 1025
    Argument08: 0
    Argument0c: 0
  - Id: 0
    Type: 0
    Rate: 0
    EntryType: 0
    Argument04: 0
    Argument08: 0
    Argument0c: 0
  - Id: 0
    Type: 0
    Rate: 0
    EntryType: 0
    Argument04: 0
    Argument08: 0
    Argument0c: 0
  - Id: 1
    Type: 0
    Rate: 10
    EntryType: 0
    Argument04: 0
    Argument08: 0
    Argument0c: 0
  - Id: 1
    Type: 0
    Rate: 30
    EntryType: 0
    Argument04: 0
    Argument08: 0
    Argument0c: 0
  - Id: 1
    Type: 3
    Rate: 30
    EntryType: 0
    Argument04: 0
    Argument08: 0
    Argument0c: 0
  Signals: []
