- Type: 1
  Flag: 0
  Id: 88
  Teleport:
    Place: 0
    Door: 0
    World: 0
    Unknown: 0
  Unk20: 0
  Unk24: 0
  Entities:
  - ObjectId: 566
    PositionX: -2289.591064453125
    PositionY: -0
    PositionZ: -1616.2850341796875
    RotationX: 0
    RotationY: 0.73373574018478394
    RotationZ: 0
    SpawnType: 0
    SpawnArgument: 0
    Serial: 13
    Argument1: 0
    Argument2: 0
    ReactionCommand: 0
    SpawnDelay: 0
    Command: 0
    SpawnRange: 0
    Level: 0
    Medal: 0
  - ObjectId: 567
    PositionX: -2282.2880859375
    PositionY: -0
    PositionZ: -1475.052001953125
    RotationX: 0
    RotationY: 0.73373574018478394
    RotationZ: 0
    SpawnType: 0
    SpawnArgument: 0
    Serial: 14
    Argument1: 0
    Argument2: 0
    ReactionCommand: 0
    SpawnDelay: 0
    Command: 0
    SpawnRange: 0
    Level: 0
    Medal: 0
  - ObjectId: 568
    PositionX: -2430.822998046875
    PositionY: -0
    PositionZ: -1608.9820556640625
    RotationX: 0
    RotationY: 0.73373574018478394
    RotationZ: 0
    SpawnType: 0
    SpawnArgument: 0
    Serial: 15
    Argument1: 0
    Argument2: 0
    ReactionCommand: 0
    SpawnDelay: 0
    Command: 0
    SpawnRange: 0
    Level: 0
    Medal: 0
  EventActivators: []
  WalkPath: []
  ReturnParameters: []
  Signals: []
