- Type: 1
  Flag: 0
  Id: 320
  Teleport:
    Place: 0
    Door: 0
    World: 0
    Unknown: 0
  Unk20: 0
  Unk24: 0
  Entities:
  - ObjectId: 1467
    PositionX: 3900
    PositionY: -0
    PositionZ: -0
    RotationX: 0
    RotationY: 0
    RotationZ: 0
    SpawnType: 0
    SpawnArgument: 0
    Serial: 46
    Argument1: 0
    Argument2: 0
    ReactionCommand: 0
    SpawnDelay: 0
    Command: 0
    SpawnRange: 0
    Level: 0
    Medal: 0
  EventActivators: []
  WalkPath:
  - Serial: 47
    Flag: 1
    Id: 0
    Positions:
    - X: 3354.635009765625
      Y: -4.9999380111694336
      Z: 1110.39599609375
    - X: 2497.413330078125
      Y: -14.999880790710449
      Z: 1297.0487060546875
    - X: 1253.073974609375
      Y: -14.999958038330078
      Z: 625.12078857421875
    - X: -735.11102294921875
      Y: -14.999998092651367
      Z: 553.63751220703125
    - X: -1572.9150390625
      Y: -14.999922752380371
      Z: -100.39199829101562
    - X: -1742.9150390625
      Y: -14.999917030334473
      Z: -1247.16796875
    - X: -2209.59912109375
      Y: -14.999958038330078
      Z: -1893.6190185546875
    - X: -3319.37109375
      Y: -15.000067710876465
      Z: -2187.89697265625
    - X: -3829.18310546875
      Y: -14.999947547912598
      Z: -2560.173095703125
    - X: -4076.5048828125
      Y: -15.000027656555176
      Z: -3386.469970703125
    - X: -3738.677978515625
      Y: -15.000027656555176
      Z: -4160.69677734375
    - X: -2871.507080078125
      Y: -15.00004768371582
      Z: -4482.66796875
    - X: -2006.926025390625
      Y: -14.999987602233887
      Z: -4120.01123046875
    - X: -1686.60595703125
      Y: -15.000067710876465
      Z: -3353.083984375
    - X: -1251.093017578125
      Y: -14.999967575073242
      Z: -2567.4951171875
    - X: -318.26699829101562
      Y: -15.000018119812012
      Z: -2300.89404296875
    - X: 2564.673583984375
      Y: -15.000018119812012
      Z: -2300.06298828125
    - X: 3556.181396484375
      Y: -15.00004768371582
      Z: -1954.6669921875
    - X: 3867.054931640625
      Y: -14.999911308288574
      Z: -1223.6529541015625
    - X: 3907.211669921875
      Y: -14.999911308288574
      Z: -388.93301391601562
    - X: 3876.357421875
      Y: -14.999998092651367
      Z: 432.24179077148438
  ReturnParameters: []
  Signals: []
