- Type: 6
  Flag: 0
  Id: 3871
  Teleport:
    Place: 0
    Door: 0
    World: 0
    Unknown: 0
  Unk20: 0
  Unk24: 0
  Entities:
  - ObjectId: 1338
    PositionX: 2860.904052734375
    PositionY: 2.1609690520563163E-05
    PositionZ: 2431.43505859375
    RotationX: 0
    RotationY: 0
    RotationZ: 0
    SpawnType: 2
    SpawnArgument: 0
    Serial: 596
    Argument1: 0
    Argument2: 0
    ReactionCommand: 1287
    SpawnDelay: 0
    Command: 31
    SpawnRange: 0
    Level: 0
    Medal: 0
  EventActivators:
  - Shape: 0
    Option: 1
    PositionX: 2843.291015625
    PositionY: -99.999992370605469
    PositionZ: 2088.012939453125
    ScaleX: 114.0364990234375
    ScaleY: 100
    ScaleZ: 54.657001495361328
    RotationX: 0
    RotationY: -1.2416564226150513
    RotationZ: 0
    Flags: 0
    Type: 0
    OnBgGroup: 0
    OffBgGroup: 0
  - Shape: 0
    Option: 1
    PositionX: 2716.6689453125
    PositionY: -99.999992370605469
    PositionZ: 2454.52099609375
    ScaleX: 99.300498962402344
    ScaleY: 100
    ScaleZ: 54.657001495361328
    RotationX: 0
    RotationY: -0.44563108682632446
    RotationZ: 0
    Flags: 0
    Type: 0
    OnBgGroup: 0
    OffBgGroup: 0
  - Shape: 0
    Option: 1
    PositionX: 2613.90087890625
    PositionY: -100
    PositionZ: 2220.008056640625
    ScaleX: 99.300498962402344
    ScaleY: 100
    ScaleZ: 54.657001495361328
    RotationX: 0
    RotationY: 1.865196704864502
    RotationZ: 0
    Flags: 0
    Type: 0
    OnBgGroup: 0
    OffBgGroup: 0
  - Shape: 0
    Option: 1
    PositionX: 3017.6240234375
    PositionY: -955.405029296875
    PositionZ: 2335.875
    ScaleX: 1989.6669921875
    ScaleY: 1105.405029296875
    ScaleZ: 1948.6429443359375
    RotationX: 0
    RotationY: 0
    RotationZ: 0
    Flags: 0
    Type: 1
    OnBgGroup: 0
    OffBgGroup: 0
  WalkPath:
  - Serial: 815
    Flag: 1
    Id: 0
    Positions:
    - X: 2764.931884765625
      Y: -1.2715569937427063E-05
      Z: 2634.907958984375
    - X: 2626.672119140625
      Y: 2.62621197180124E-05
      Z: 2514.5703125
    - X: 2789.79931640625
      Y: 2.0846409825026058E-05
      Z: 2390.67333984375
    - X: 2674.693359375
      Y: 1.4877819921821356E-05
      Z: 2254.127685546875
    - X: 2844.76708984375
      Y: 1.0519210263737477E-05
      Z: 2154.414306640625
    - X: 2724.550537109375
      Y: 2.88597993858275E-06
      Z: 1979.7864990234375
    - X: 2747.742919921875
      Y: 1.1123399872303708E-06
      Z: 1873.7576904296875
    - X: 2878.81298828125
      Y: 1.8887600390371517E-06
      Z: 1956.9727783203125
    - X: 2761.324462890625
      Y: 1.664454975980334E-05
      Z: 2294.5458984375
    - X: 2830.88916015625
      Y: 2.1127840227563865E-05
      Z: 2397.111572265625
    - X: 2867.781982421875
      Y: 1.8594590073917061E-05
      Z: 2339.157470703125
    - X: 2853.3701171875
      Y: 1.3543510249292012E-05
      Z: 2223.602294921875
    - X: 2662.041015625
      Y: 9.4792003437760286E-06
      Z: 2130.621826171875
    - X: 2608.206298828125
      Y: 1.5785979485372081E-05
      Z: 2274.904052734375
    - X: 2733.79150390625
      Y: 2.0403689632075839E-05
      Z: 2380.544921875
    - X: 2881.6044921875
      Y: -4.7471157813561149E-06
      Z: 2486.959228515625
  ReturnParameters:
  - Id: 0
    Type: 0
    Rate: 0
    EntryType: 0
    Argument04: 0
    Argument08: 0
    Argument0c: 0
  - Id: 0
    Type: 0
    Rate: 0
    EntryType: 0
    Argument04: 0
    Argument08: 0
    Argument0c: 0
  - Id: 0
    Type: 0
    Rate: 0
    EntryType: 0
    Argument04: 0
    Argument08: 0
    Argument0c: 0
  - Id: 1
    Type: 0
    Rate: 30
    EntryType: 0
    Argument04: 0
    Argument08: 0
    Argument0c: 0
  - Id: 1
    Type: 3
    Rate: 30
    EntryType: 0
    Argument04: 0
    Argument08: 0
    Argument0c: 0
  Signals: []
