- Type: 6
  Flag: 0
  Id: 3907
  Teleport:
    Place: 0
    Door: 0
    World: 0
    Unknown: 0
  Unk20: 0
  Unk24: 0
  Entities:
  - ObjectId: 1351
    PositionX: -2891.0029296875
    PositionY: -4.4916570914210752E-05
    PositionZ: -888.8040771484375
    RotationX: 0
    RotationY: 0.83307600021362305
    RotationZ: 0
    SpawnType: 2
    SpawnArgument: 0
    Serial: 598
    Argument1: 0
    Argument2: 1
    ReactionCommand: 0
    SpawnDelay: 0
    Command: 211
    SpawnRange: 0
    Level: 0
    Medal: 0
  EventActivators:
  - Shape: 0
    Option: 1
    PositionX: -2659.050048828125
    PositionY: -480
    PositionZ: -1126.43994140625
    ScaleX: 250
    ScaleY: 500
    ScaleZ: 250
    RotationX: 0
    RotationY: 0.78539818525314331
    RotationZ: 0
    Flags: 0
    Type: 1
    OnBgGroup: 0
    OffBgGroup: 0
  WalkPath: []
  ReturnParameters:
  - Id: 0
    Type: 0
    Rate: 0
    EntryType: 0
    Argument04: 0
    Argument08: 0
    Argument0c: 0
  - Id: 0
    Type: 0
    Rate: 0
    EntryType: 0
    Argument04: 0
    Argument08: 0
    Argument0c: 0
  - Id: 0
    Type: 0
    Rate: 0
    EntryType: 0
    Argument04: 0
    Argument08: 0
    Argument0c: 0
  Signals: []
