- Type: 1
  Flag: 0
  Id: 555
  Teleport:
    Place: 0
    Door: 0
    World: 0
    Unknown: 0
  Unk20: 0
  Unk24: 0
  Entities:
  - ObjectId: 566
    PositionX: 571.89837646484375
    PositionY: -0.00012613300350494683
    PositionZ: 340.943115234375
    RotationX: 0
    RotationY: -2.5307273864746094
    RotationZ: 0
    SpawnType: 1
    SpawnArgument: 53
    Serial: 213
    Argument1: 0
    Argument2: 0
    ReactionCommand: 0
    SpawnDelay: 0
    Command: 0
    SpawnRange: 0
    Level: 0
    Medal: 0
  - ObjectId: 567
    PositionX: 547.34088134765625
    PositionY: -0.00012613300350494683
    PositionZ: 201.67019653320312
    RotationX: 0
    RotationY: -2.5307273864746094
    RotationZ: 0
    SpawnType: 1
    SpawnArgument: 53
    Serial: 214
    Argument1: 0
    Argument2: 0
    ReactionCommand: 0
    SpawnDelay: 0
    Command: 0
    SpawnRange: 0
    Level: 0
    Medal: 0
  - ObjectId: 568
    PositionX: 711.17132568359375
    PositionY: -0.00012613300350494683
    PositionZ: 316.385498046875
    RotationX: 0
    RotationY: -2.5307273864746094
    RotationZ: 0
    SpawnType: 1
    SpawnArgument: 53
    Serial: 215
    Argument1: 0
    Argument2: 0
    ReactionCommand: 0
    SpawnDelay: 0
    Command: 0
    SpawnRange: 0
    Level: 0
    Medal: 0
  EventActivators: []
  WalkPath: []
  ReturnParameters: []
  Signals: []
