- Type: 6
  Flag: 0
  Id: 206
  Teleport:
    Place: 0
    Door: 0
    World: 0
    Unknown: 0
  Unk20: 0
  Unk24: 0
  Entities:
  - ObjectId: 1861
    PositionX: -276.35189819335938
    PositionY: -4.8347430947615067E-07
    PositionZ: 997.768798828125
    RotationX: 0
    RotationY: 0.69292187690734863
    RotationZ: 0
    SpawnType: 0
    SpawnArgument: 0
    Serial: 16
    Argument1: 0
    Argument2: 0
    ReactionCommand: 1694
    SpawnDelay: 0
    Command: 31
    SpawnRange: 0
    Level: 0
    Medal: 0
  EventActivators:
  - Shape: 0
    Option: 0
    PositionX: -171.52099609375
    PositionY: -100
    PositionZ: 1072.31103515625
    ScaleX: 74.430000305175781
    ScaleY: 100
    ScaleZ: 52.087100982666016
    RotationX: 0
    RotationY: -2.1566789150238037
    RotationZ: 0
    Flags: 0
    Type: 0
    OnBgGroup: 0
    OffBgGroup: 0
  - Shape: 0
    Option: 1
    PositionX: -278.90350341796875
    PositionY: -100
    PositionZ: 873.16522216796875
    ScaleX: 74.430000305175781
    ScaleY: 100
    ScaleZ: 52.087001800537109
    RotationX: 0
    RotationY: -0.28608337044715881
    RotationZ: 0
    Flags: 0
    Type: 0
    OnBgGroup: 0
    OffBgGroup: 0
  WalkPath:
  - Serial: 29
    Flag: 1
    Id: 0
    Positions:
    - X: -128.64610290527344
      Y: -1.5416699170600623E-05
      Z: 1144.0660400390625
    - X: -230.46319580078125
      Y: -5.7412000842305133E-07
      Z: 1218.831787109375
    - X: -343.21490478515625
      Y: -2.4140199457178824E-06
      Z: 1111.2869873046875
    - X: -304.64700317382812
      Y: 2.4003220460144803E-05
      Z: 1033.845458984375
    - X: -166.78559875488281
      Y: 2.04819007194601E-05
      Z: 953.28692626953125
    - X: -200.81304931640625
      Y: 1.6233419955824502E-05
      Z: 856.093017578125
    - X: -375.9569091796875
      Y: 1.9262999558122829E-05
      Z: 925.40167236328125
    - X: -185.98561096191406
      Y: 2.4517459678463638E-05
      Z: 1045.6097412109375
  ReturnParameters:
  - Id: 0
    Type: 2
    Rate: 0
    EntryType: 1
    Argument04: 1076
    Argument08: 0
    Argument0c: 0
  - Id: 0
    Type: 0
    Rate: 0
    EntryType: 0
    Argument04: 0
    Argument08: 0
    Argument0c: 0
  - Id: 0
    Type: 0
    Rate: 0
    EntryType: 0
    Argument04: 0
    Argument08: 0
    Argument0c: 0
  - Id: 1
    Type: 0
    Rate: 10
    EntryType: 1
    Argument04: 1075
    Argument08: 0
    Argument0c: 0
  - Id: 1
    Type: 0
    Rate: 10
    EntryType: 1
    Argument04: 1076
    Argument08: 0
    Argument0c: 0
  - Id: 1
    Type: 0
    Rate: 10
    EntryType: 2
    Argument04: 0
    Argument08: 0
    Argument0c: 0
  - Id: 1
    Type: 3
    Rate: 30
    EntryType: 0
    Argument04: 0
    Argument08: 0
    Argument0c: 0
  Signals: []
