- Type: 1
  Flag: 0
  Id: 239
  Teleport:
    Place: 0
    Door: 0
    World: 0
    Unknown: 0
  Unk20: 0
  Unk24: 0
  Entities:
  - ObjectId: 34
    PositionX: -2267.510009765625
    PositionY: -0
    PositionZ: 2011.4100341796875
    RotationX: 0
    RotationY: 1.5707963705062866
    RotationZ: 0
    SpawnType: 0
    SpawnArgument: 0
    Serial: 128
    Argument1: 0
    Argument2: 0
    ReactionCommand: 908
    SpawnDelay: 0
    Command: 0
    SpawnRange: 0
    Level: 0
    Medal: 0
  - ObjectId: 566
    PositionX: -2121.343994140625
    PositionY: -0.9654960036277771
    PositionZ: 1848.322998046875
    RotationX: 0
    RotationY: -2.268928050994873
    RotationZ: 0
    SpawnType: 0
    SpawnArgument: 0
    Serial: 366
    Argument1: 0
    Argument2: 0
    ReactionCommand: 0
    SpawnDelay: 0
    Command: 0
    SpawnRange: 0
    Level: 0
    Medal: 0
  EventActivators: []
  WalkPath: []
  ReturnParameters: []
  Signals: []
