- Type: 6
  Flag: 0
  Id: 933
  Teleport:
    Place: 0
    Door: 0
    World: 0
    Unknown: 0
  Unk20: 0
  Unk24: 0
  Entities:
  - ObjectId: 1027
    PositionX: -2075.8740234375
    PositionY: -0.96544212102890015
    PositionZ: 2278.154052734375
    RotationX: 0
    RotationY: 0
    RotationZ: 0
    SpawnType: 1
    SpawnArgument: 51
    Serial: 311
    Argument1: 0
    Argument2: 2
    ReactionCommand: 717
    SpawnDelay: 0
    Command: 31
    SpawnRange: 0
    Level: 0
    Medal: 0
  EventActivators:
  - Shape: 0
    Option: 0
    PositionX: -1866.135986328125
    PositionY: -100
    PositionZ: 2627.791015625
    ScaleX: 86.20574951171875
    ScaleY: 100
    ScaleZ: 43.257198333740234
    RotationX: 0
    RotationY: -0.18775343894958496
    RotationZ: 0
    Flags: 0
    Type: 0
    OnBgGroup: 0
    OffBgGroup: 0
  - Shape: 0
    Option: 0
    PositionX: -2202.94189453125
    PositionY: -100
    PositionZ: 2385.89892578125
    ScaleX: 86.20574951171875
    ScaleY: 100
    ScaleZ: 43.257198333740234
    RotationX: 0
    RotationY: -1.0950988531112671
    RotationZ: 0
    Flags: 0
    Type: 0
    OnBgGroup: 0
    OffBgGroup: 0
  - Shape: 0
    Option: 1
    PositionX: -1916.8709716796875
    PositionY: -100
    PositionZ: 2382.2958984375
    ScaleX: 66.6510009765625
    ScaleY: 100
    ScaleZ: 43.257198333740234
    RotationX: 0
    RotationY: -0.0425722636282444
    RotationZ: 0
    Flags: 0
    Type: 0
    OnBgGroup: 0
    OffBgGroup: 0
  WalkPath:
  - Serial: 312
    Flag: 1
    Id: 0
    Positions:
    - X: -2192.75390625
      Y: -0.96547102928161621
      Z: 2542.158935546875
    - X: -2226.831298828125
      Y: -10.965448379516602
      Z: 2419.8173828125
    - X: -2134.77978515625
      Y: -10.965469360351562
      Z: 2285.0908203125
    - X: -2018.8011474609375
      Y: -10.965431213378906
      Z: 2323.552490234375
    - X: -2007.61181640625
      Y: -10.965471267700195
      Z: 2563.69677734375
    - X: -1935.2027587890625
      Y: -10.965470314025879
      Z: 2631.7490234375
    - X: -1774.291748046875
      Y: -10.965447425842285
      Z: 2590.596923828125
    - X: -1741.198486328125
      Y: -10.965460777282715
      Z: 2473.244140625
    - X: -1839.646728515625
      Y: -10.965452194213867
      Z: 2445.5234375
    - X: -1879.0577392578125
      Y: -10.965442657470703
      Z: 2384.71142578125
    - X: -1959.72900390625
      Y: -10.965480804443359
      Z: 2386.073486328125
    - X: -2006.279296875
      Y: -10.96549129486084
      Z: 2489.050048828125
  ReturnParameters:
  - Id: 0
    Type: 0
    Rate: 0
    EntryType: 0
    Argument04: 0
    Argument08: 0
    Argument0c: 0
  - Id: 0
    Type: 0
    Rate: 0
    EntryType: 0
    Argument04: 0
    Argument08: 0
    Argument0c: 0
  - Id: 0
    Type: 0
    Rate: 0
    EntryType: 0
    Argument04: 0
    Argument08: 0
    Argument0c: 0
  - Id: 1
    Type: 0
    Rate: 10
    EntryType: 0
    Argument04: 0
    Argument08: 0
    Argument0c: 0
  - Id: 1
    Type: 4
    Rate: 20
    EntryType: 2
    Argument04: 0
    Argument08: 0
    Argument0c: 0
  - Id: 1
    Type: 3
    Rate: 30
    EntryType: 0
    Argument04: 0
    Argument08: 0
    Argument0c: 0
  Signals: []
