- Type: 1
  Flag: 0
  Id: 77
  Teleport:
    Place: 19
    Door: 2
    World: 2
    Unknown: 0
  Unk20: 0
  Unk24: 0
  Entities: []
  EventActivators:
  - Shape: 0
    Option: 0
    PositionX: -1077.458984375
    PositionY: -1000
    PositionZ: -2427.885009765625
    ScaleX: 50
    ScaleY: 1000
    ScaleZ: 600
    RotationX: 0
    RotationY: 0.47996553778648376
    RotationZ: 0
    Flags: 0
    Type: 0
    OnBgGroup: 0
    OffBgGroup: 0
  - Shape: 0
    Option: 1
    PositionX: -1565
    PositionY: -1000
    PositionZ: -2690
    ScaleX: 900
    ScaleY: 1000
    ScaleZ: 750
    RotationX: 0
    RotationY: 0.47996553778648376
    RotationZ: 0
    Flags: 0
    Type: 0
    OnBgGroup: 0
    OffBgGroup: 0
  WalkPath: []
  ReturnParameters: []
  Signals: []
