- Type: 2
  Flag: 0
  Id: 313
  Teleport:
    Place: 0
    Door: 0
    World: 0
    Unknown: 0
  Unk20: 0
  Unk24: 0
  Entities:
  - ObjectId: 312
    PositionX: -54.511199951171875
    PositionY: 9.9998903274536133
    PositionZ: -76.483436584472656
    RotationX: 0
    RotationY: -0.78539818525314331
    RotationZ: 0
    SpawnType: 2
    SpawnArgument: 0
    Serial: 58
    Argument1: 0
    Argument2: 0
    ReactionCommand: 0
    SpawnDelay: 40
    Command: 0
    SpawnRange: 0
    Level: 0
    Medal: 0
  - ObjectId: 318
    PositionX: -231.28790283203125
    PositionY: -790.0001220703125
    PositionZ: 171.00390625
    RotationX: 0
    RotationY: -0.78539818525314331
    RotationZ: 0
    SpawnType: 2
    SpawnArgument: 0
    Serial: 56
    Argument1: 0
    Argument2: 0
    ReactionCommand: 0
    SpawnDelay: 0
    Command: 0
    SpawnRange: 0
    Level: 0
    Medal: 0
  - ObjectId: 318
    PositionX: 192.9761962890625
    PositionY: -790.0001220703125
    PositionZ: -253.26010131835938
    RotationX: 0
    RotationY: -0.78539818525314331
    RotationZ: 0
    SpawnType: 2
    SpawnArgument: 0
    Serial: 57
    Argument1: 0
    Argument2: 0
    ReactionCommand: 0
    SpawnDelay: 0
    Command: 0
    SpawnRange: 0
    Level: 0
    Medal: 0
  EventActivators:
  - Shape: 0
    Option: 0
    PositionX: -2.443572998046875
    PositionY: -125
    PositionZ: -18.272359848022461
    ScaleX: 915.3499755859375
    ScaleY: 175
    ScaleZ: 948.70001220703125
    RotationX: 0
    RotationY: -1.5832033157348633
    RotationZ: 0
    Flags: 0
    Type: 0
    OnBgGroup: 0
    OffBgGroup: 0
  WalkPath: []
  ReturnParameters: []
  Signals: []
