- Type: 1
  Flag: 0
  Id: 71
  Teleport:
    Place: 0
    Door: 0
    World: 0
    Unknown: 0
  Unk20: 0
  Unk24: 0
  Entities:
  - ObjectId: 566
    PositionX: -35.355339050292969
    PositionY: -0
    PositionZ: 35.355339050292969
    RotationX: 0
    RotationY: -2.3561944961547852
    RotationZ: 0
    SpawnType: 0
    SpawnArgument: 0
    Serial: 14
    Argument1: 0
    Argument2: 0
    ReactionCommand: 0
    SpawnDelay: 0
    Command: 0
    SpawnRange: 0
    Level: 0
    Medal: 0
  - ObjectId: 567
    PositionX: -35.355350494384766
    PositionY: -0
    PositionZ: -106.06600189208984
    RotationX: 0
    RotationY: -2.3561944961547852
    RotationZ: 0
    SpawnType: 0
    SpawnArgument: 0
    Serial: 15
    Argument1: 0
    Argument2: 0
    ReactionCommand: 0
    SpawnDelay: 0
    Command: 0
    SpawnRange: 0
    Level: 0
    Medal: 0
  - ObjectId: 568
    PositionX: 106.06600189208984
    PositionY: -0
    PositionZ: 35.355331420898438
    RotationX: 0
    RotationY: -2.3561944961547852
    RotationZ: 0
    SpawnType: 0
    SpawnArgument: 0
    Serial: 16
    Argument1: 0
    Argument2: 0
    ReactionCommand: 0
    SpawnDelay: 0
    Command: 0
    SpawnRange: 0
    Level: 0
    Medal: 0
  - ObjectId: 1656
    PositionX: -212.13200378417969
    PositionY: -0
    PositionZ: 212.13200378417969
    RotationX: 0
    RotationY: 0.78539818525314331
    RotationZ: 0
    SpawnType: 3
    SpawnArgument: 0
    Serial: 87
    Argument1: 1
    Argument2: 0
    ReactionCommand: 0
    SpawnDelay: 0
    Command: 0
    SpawnRange: 0
    Level: 0
    Medal: 0
  EventActivators: []
  WalkPath: []
  ReturnParameters: []
  Signals: []
