- Type: 6
  Flag: 0
  Id: 3121
  Teleport:
    Place: 0
    Door: 0
    World: 0
    Unknown: 0
  Unk20: 0
  Unk24: 0
  Entities:
  - ObjectId: 1316
    PositionX: -233.89779663085938
    PositionY: 3.7420719309011474E-05
    PositionZ: -51.791511535644531
    RotationX: 0
    RotationY: 2.0943951606750488
    RotationZ: 0
    SpawnType: 0
    SpawnArgument: 0
    Serial: 205
    Argument1: 0
    Argument2: 3
    ReactionCommand: 1748
    SpawnDelay: 0
    Command: 31
    SpawnRange: 0
    Level: 0
    Medal: 0
  EventActivators:
  - Shape: 0
    Option: 0
    PositionX: -313.27029418945312
    PositionY: -90
    PositionZ: 228.96279907226562
    ScaleX: 102.02809906005859
    ScaleY: 100
    ScaleZ: 46.748214721679688
    RotationX: 0
    RotationY: -0.63582831621170044
    RotationZ: 0
    Flags: 0
    Type: 0
    OnBgGroup: 0
    OffBgGroup: 0
  - Shape: 0
    Option: 0
    PositionX: -467.36550903320312
    PositionY: -90
    PositionZ: 45.649528503417969
    ScaleX: 78.9344482421875
    ScaleY: 100
    ScaleZ: 46.748214721679688
    RotationX: 0
    RotationY: -0.70946532487869263
    RotationZ: 0
    Flags: 0
    Type: 0
    OnBgGroup: 0
    OffBgGroup: 0
  - Shape: 0
    Option: 0
    PositionX: -360.0574951171875
    PositionY: -90
    PositionZ: -51.903171539306641
    ScaleX: 78.9344482421875
    ScaleY: 100
    ScaleZ: 46.748214721679688
    RotationX: 0
    RotationY: 0.96543687582015991
    RotationZ: 0
    Flags: 0
    Type: 0
    OnBgGroup: 0
    OffBgGroup: 0
  WalkPath:
  - Serial: 243
    Flag: 1
    Id: 0
    Positions:
    - X: -320.17599487304688
      Y: 10
      Z: 204.97689819335938
    - X: -355.94534301757812
      Y: -0
      Z: 164.32994079589844
    - X: -295.787841796875
      Y: -9.9999997473787516E-06
      Z: 48.892601013183594
    - X: -339.68655395507812
      Y: -9.9999997473787516E-06
      Z: -29.149599075317383
    - X: -411.22518920898438
      Y: -1.9999999494757503E-05
      Z: -121.82460021972656
    - X: -526.66259765625
      Y: -9.9999997473787516E-06
      Z: -48.660099029541016
    - X: -484.38970947265625
      Y: -0
      Z: 102.54660034179688
    - X: -351.06768798828125
      Y: -9.9999997473787516E-06
      Z: 44.014900207519531
    - X: -238.88209533691406
      Y: -3.9999998989515007E-05
      Z: 152.94879150390625
    - X: -414.47695922851562
      Y: -2.9999999242136255E-05
      Z: 276.51556396484375
    - X: -529.914306640625
      Y: -0
      Z: 138.31588745117188
    - X: -390.08877563476562
      Y: -9.9999997473787516E-06
      Z: -22.646099090576172
    - X: -281.15493774414062
      Y: -9.9999997473787516E-06
      Z: -61.667098999023438
    - X: -248.63734436035156
      Y: -9.9999997473787516E-06
      Z: 35.885601043701172
  ReturnParameters:
  - Id: 0
    Type: 0
    Rate: 0
    EntryType: 4
    Argument04: 0
    Argument08: 0
    Argument0c: 0
  - Id: 0
    Type: 2
    Rate: 0
    EntryType: 0
    Argument04: 0
    Argument08: 0
    Argument0c: 0
  - Id: 0
    Type: 0
    Rate: 0
    EntryType: 0
    Argument04: 0
    Argument08: 0
    Argument0c: 0
  Signals: []
