- Type: 3
  Flag: 0
  Id: 22
  Teleport:
    Place: 9
    Door: 0
    World: 0
    Unknown: 0
  Unk20: 0
  Unk24: 0
  Entities: []
  EventActivators:
  - Shape: 1
    Option: 0
    PositionX: -31.556259155273438
    PositionY: -300
    PositionZ: 927.6923828125
    ScaleX: 574.4749755859375
    ScaleY: 300
    ScaleZ: 146.98655700683594
    RotationX: 0
    RotationY: 0.036480434238910675
    RotationZ: 0
    Flags: 0
    Type: 0
    OnBgGroup: 0
    OffBgGroup: 0
  WalkPath: []
  ReturnParameters: []
  Signals: []
