- Type: 1
  Flag: 0
  Id: 20
  Teleport:
    Place: 11
    Door: 0
    World: 1
    Unknown: 0
  Unk20: 0
  Unk24: 0
  Entities: []
  EventActivators:
  - Shape: 0
    Option: 0
    PositionX: 0
    PositionY: -360.28900146484375
    PositionZ: 1450
    ScaleX: 50
    ScaleY: 421.322509765625
    ScaleZ: 300.30349731445312
    RotationX: 0
    RotationY: -1.5707963705062866
    RotationZ: 0
    Flags: 0
    Type: 0
    OnBgGroup: 0
    OffBgGroup: 0
  - Shape: 0
    Option: 1
    PositionX: 0
    PositionY: -431.7139892578125
    PositionZ: 1600
    ScaleX: 400
    ScaleY: 562.5
    ScaleZ: 500
    RotationX: 0
    RotationY: -1.5707963705062866
    RotationZ: 0
    Flags: 0
    Type: 0
    OnBgGroup: 0
    OffBgGroup: 0
  WalkPath: []
  ReturnParameters: []
  Signals: []
