- Type: 1
  Flag: 0
  Id: 22
  Teleport:
    Place: 14
    Door: 0
    World: 0
    Unknown: 0
  Unk20: 0
  Unk24: 0
  Entities:
  - ObjectId: 566
    PositionX: 6.9635980253224261E-06
    PositionY: -0.00020385389507282525
    PositionZ: -1541.0660400390625
    RotationX: 0
    RotationY: 3.1415927410125732
    RotationZ: 0
    SpawnType: 1
    SpawnArgument: 0
    Serial: 1
    Argument1: 0
    Argument2: 0
    ReactionCommand: 0
    SpawnDelay: 0
    Command: 0
    SpawnRange: 0
    Level: 0
    Medal: 0
  - ObjectId: 567
    PositionX: -99.99993896484375
    PositionY: -0.00019638889352791011
    PositionZ: -1641.0660400390625
    RotationX: 0
    RotationY: 3.1415927410125732
    RotationZ: 0
    SpawnType: 1
    SpawnArgument: 0
    Serial: 2
    Argument1: 0
    Argument2: 0
    ReactionCommand: 0
    SpawnDelay: 0
    Command: 0
    SpawnRange: 0
    Level: 0
    Medal: 0
  - ObjectId: 568
    PositionX: 100
    PositionY: -0.00019948270346503705
    PositionZ: -1641.0660400390625
    RotationX: 0
    RotationY: 3.1415927410125732
    RotationZ: 0
    SpawnType: 1
    SpawnArgument: 0
    Serial: 3
    Argument1: 0
    Argument2: 0
    ReactionCommand: 0
    SpawnDelay: 0
    Command: 0
    SpawnRange: 0
    Level: 0
    Medal: 0
  EventActivators: []
  WalkPath: []
  ReturnParameters: []
  Signals: []
