- Type: 6
  Flag: 0
  Id: 215
  Teleport:
    Place: 0
    Door: 0
    World: 0
    Unknown: 0
  Unk20: 0
  Unk24: 0
  Entities:
  - ObjectId: 1199
    PositionX: 417.05929565429688
    PositionY: -97.712059020996094
    PositionZ: -61.135349273681641
    RotationX: 0
    RotationY: -0.98465138673782349
    RotationZ: 0
    SpawnType: 0
    SpawnArgument: 0
    Serial: 20
    Argument1: 0
    Argument2: 0
    ReactionCommand: 693
    SpawnDelay: 0
    Command: 31
    SpawnRange: 0
    Level: 0
    Medal: 0
  EventActivators:
  - Shape: 0
    Option: 1
    PositionX: 319.41400146484375
    PositionY: -163.33981323242188
    PositionZ: -262.26019287109375
    ScaleX: 156.29849243164062
    ScaleY: 100
    ScaleZ: 52.402999877929688
    RotationX: 0
    RotationY: -2.2911145687103271
    RotationZ: 0
    Flags: 0
    Type: 0
    OnBgGroup: 0
    OffBgGroup: 0
  - Shape: 0
    Option: 0
    PositionX: -72.519889831542969
    PositionY: -131.70355224609375
    PositionZ: -470.65570068359375
    ScaleX: 147.22724914550781
    ScaleY: 100
    ScaleZ: 57.290351867675781
    RotationX: 0
    RotationY: 2.8671362400054932
    RotationZ: 0
    Flags: 0
    Type: 0
    OnBgGroup: 0
    OffBgGroup: 0
  WalkPath:
  - Serial: 32
    Flag: 1
    Id: 0
    Positions:
    - X: 417.9176025390625
      Y: -85.898262023925781
      Z: -126.63040161132812
    - X: 363.13436889648438
      Y: -138.97689819335938
      Z: 24.613000869750977
    - X: 251.59390258789062
      Y: -92.451072692871094
      Z: -154.41642761230469
    - X: 144.23959350585938
      Y: -74.33721923828125
      Z: -238.24099731445312
    - X: 207.47569274902344
      Y: -38.252311706542969
      Z: -422.06680297851562
    - X: 94.238998413085938
      Y: -32.801139831542969
      Z: -476.47918701171875
    - X: -196.94110107421875
      Y: -20.000030517578125
      Z: -292.65341186523438
    - X: -210.17649841308594
      Y: -5.7685999870300293
      Z: -139.71034240722656
    - X: -304.91409301757812
      Y: -20.000099182128906
      Z: -133.92997741699219
    - X: -332.23690795898438
      Y: -20.000009536743164
      Z: -272.06491088867188
    - X: -177.08419799804688
      Y: -23.035770416259766
      Z: -423.45401000976562
    - X: 37.279800415039062
      Y: -32.106689453125
      Z: -495.256103515625
    - X: 203.74639892578125
      Y: -41.562850952148438
      Z: -382.99758911132812
  ReturnParameters:
  - Id: 0
    Type: 0
    Rate: 0
    EntryType: 0
    Argument04: 0
    Argument08: 0
    Argument0c: 0
  - Id: 0
    Type: 0
    Rate: 0
    EntryType: 0
    Argument04: 0
    Argument08: 0
    Argument0c: 0
  - Id: 0
    Type: 0
    Rate: 0
    EntryType: 0
    Argument04: 0
    Argument08: 0
    Argument0c: 0
  - Id: 1
    Type: 0
    Rate: 30
    EntryType: 0
    Argument04: 0
    Argument08: 0
    Argument0c: 0
  - Id: 1
    Type: 3
    Rate: 30
    EntryType: 0
    Argument04: 0
    Argument08: 0
    Argument0c: 0
  Signals: []
