- Type: 6
  Flag: 0
  Id: 237
  Teleport:
    Place: 0
    Door: 0
    World: 0
    Unknown: 0
  Unk20: 0
  Unk24: 0
  Entities:
  - ObjectId: 1199
    PositionX: 149.40899658203125
    PositionY: -97.712059020996094
    PositionZ: -47.899890899658203
    RotationX: 0
    RotationY: -0.98465138673782349
    RotationZ: 0
    SpawnType: 0
    SpawnArgument: 0
    Serial: 21
    Argument1: 0
    Argument2: 0
    ReactionCommand: 702
    SpawnDelay: 0
    Command: 31
    SpawnRange: 0
    Level: 0
    Medal: 0
  EventActivators:
  - Shape: 0
    Option: 1
    PositionX: 342.926513671875
    PositionY: -155.650146484375
    PositionZ: -323.50079345703125
    ScaleX: 118.42369842529297
    ScaleY: 100
    ScaleZ: 52.402999877929688
    RotationX: 0
    RotationY: -2.5624067783355713
    RotationZ: 0
    Flags: 0
    Type: 0
    OnBgGroup: 0
    OffBgGroup: 0
  - Shape: 0
    Option: 0
    PositionX: -72.519889831542969
    PositionY: -131.70355224609375
    PositionZ: -470.65570068359375
    ScaleX: 147.22724914550781
    ScaleY: 100
    ScaleZ: 57.290351867675781
    RotationX: 0
    RotationY: 2.8671362400054932
    RotationZ: 0
    Flags: 0
    Type: 0
    OnBgGroup: 0
    OffBgGroup: 0
  WalkPath:
  - Serial: 33
    Flag: 1
    Id: 0
    Positions:
    - X: 344.24200439453125
      Y: -56.964828491210938
      Z: -316.18310546875
    - X: 419.24295043945312
      Y: -75.925308227539062
      Z: -198.53460693359375
    - X: 351.59506225585938
      Y: -82.698310852050781
      Z: -158.82820129394531
    - X: 254.5350341796875
      Y: -64.957229614257812
      Z: -235.29974365234375
    - X: 208.94619750976562
      Y: -38.252201080322266
      Z: -423.53741455078125
    - X: 85.415298461914062
      Y: -32.801029205322266
      Z: -489.71469116210938
    - X: 1.5907000303268433
      Y: -32.144481658935547
      Z: -427.94918823242188
    - X: -236.64750671386719
      Y: -19.999990463256836
      Z: -457.36129760742188
    - X: -283.7069091796875
      Y: -20.000009536743164
      Z: -357.36007690429688
    - X: -163.11720275878906
      Y: -23.875619888305664
      Z: -333.83038330078125
    - X: 14.826199531555176
      Y: -31.953489303588867
      Z: -483.83221435546875
    - X: 205.21690368652344
      Y: -41.502738952636719
      Z: -384.46817016601562
  ReturnParameters:
  - Id: 0
    Type: 0
    Rate: 0
    EntryType: 0
    Argument04: 0
    Argument08: 0
    Argument0c: 0
  - Id: 0
    Type: 0
    Rate: 0
    EntryType: 0
    Argument04: 0
    Argument08: 0
    Argument0c: 0
  - Id: 0
    Type: 0
    Rate: 0
    EntryType: 0
    Argument04: 0
    Argument08: 0
    Argument0c: 0
  - Id: 1
    Type: 0
    Rate: 30
    EntryType: 0
    Argument04: 0
    Argument08: 0
    Argument0c: 0
  - Id: 1
    Type: 3
    Rate: 30
    EntryType: 0
    Argument04: 0
    Argument08: 0
    Argument0c: 0
  Signals: []
