- Type: 2
  Flag: 0
  Id: 48
  Teleport:
    Place: 0
    Door: 0
    World: 25
    Unknown: 0
  Unk20: 0
  Unk24: 0
  Entities:
  - ObjectId: 1108
    PositionX: -513
    PositionY: -1353
    PositionZ: -2140
    RotationX: 0
    RotationY: 1.5707963705062866
    RotationZ: 0
    SpawnType: 2
    SpawnArgument: 0
    Serial: 11
    Argument1: 90
    Argument2: 0
    ReactionCommand: 0
    SpawnDelay: 50
    Command: 0
    SpawnRange: 0
    Level: 0
    Medal: 0
  - ObjectId: 1108
    PositionX: 513
    PositionY: -1353
    PositionZ: -2140
    RotationX: 0
    RotationY: -1.5707963705062866
    RotationZ: 0
    SpawnType: 2
    SpawnArgument: 0
    Serial: 52
    Argument1: 90
    Argument2: 0
    ReactionCommand: 0
    SpawnDelay: 120
    Command: 0
    SpawnRange: 0
    Level: 0
    Medal: 0
  - ObjectId: 17
    PositionX: -111.44560241699219
    PositionY: -1000
    PositionZ: -1816.656982421875
    RotationX: 0
    RotationY: 2.266376256942749
    RotationZ: 0
    SpawnType: 2
    SpawnArgument: 0
    Serial: 46
    Argument1: 0
    Argument2: 0
    ReactionCommand: 0
    SpawnDelay: 25
    Command: 0
    SpawnRange: 0
    Level: 0
    Medal: 0
  - ObjectId: 17
    PositionX: 314.31588745117188
    PositionY: -1000
    PositionZ: -2106.013916015625
    RotationX: 0
    RotationY: 2.8554248809814453
    RotationZ: 0
    SpawnType: 2
    SpawnArgument: 0
    Serial: 47
    Argument1: 0
    Argument2: 0
    ReactionCommand: 0
    SpawnDelay: 25
    Command: 0
    SpawnRange: 0
    Level: 0
    Medal: 0
  EventActivators:
  - Shape: 2
    Option: 0
    PositionX: 828.893310546875
    PositionY: -1476.2459716796875
    PositionZ: -1635.571044921875
    ScaleX: 83.7969970703125
    ScaleY: 100
    ScaleZ: 99.939498901367188
    RotationX: 0
    RotationY: 1.7467255592346191
    RotationZ: 0
    Flags: 0
    Type: 0
    OnBgGroup: 0
    OffBgGroup: 0
  WalkPath: []
  ReturnParameters: []
  Signals: []
