- Type: 1
  Flag: 0
  Id: 22
  Teleport:
    Place: 19
    Door: 0
    World: 0
    Unknown: 0
  Unk20: 0
  Unk24: 0
  Entities:
  - ObjectId: 566
    PositionX: 242.94090270996094
    PositionY: -1000
    PositionZ: -1561.7039794921875
    RotationX: 0
    RotationY: -0.2617993950843811
    RotationZ: 0
    SpawnType: 1
    SpawnArgument: 0
    Serial: 1
    Argument1: 0
    Argument2: 0
    ReactionCommand: 0
    SpawnDelay: 0
    Command: 0
    SpawnRange: 0
    Level: 0
    Medal: 0
  - ObjectId: 567
    PositionX: 336.06600952148438
    PositionY: -1000
    PositionZ: -1793.7120361328125
    RotationX: 0
    RotationY: -2.3561944961547852
    RotationZ: 0
    SpawnType: 1
    SpawnArgument: 0
    Serial: 2
    Argument1: 0
    Argument2: 0
    ReactionCommand: 0
    SpawnDelay: 0
    Command: 0
    SpawnRange: 0
    Level: 0
    Medal: 0
  - ObjectId: 568
    PositionX: 59.229228973388672
    PositionY: -1000
    PositionZ: -1667.77001953125
    RotationX: 0
    RotationY: 1.8325957059860229
    RotationZ: 0
    SpawnType: 1
    SpawnArgument: 0
    Serial: 3
    Argument1: 0
    Argument2: 0
    ReactionCommand: 0
    SpawnDelay: 0
    Command: 0
    SpawnRange: 0
    Level: 0
    Medal: 0
  EventActivators: []
  WalkPath: []
  ReturnParameters: []
  Signals: []
