- Type: 2
  Flag: 0
  Id: 71
  Teleport:
    Place: 0
    Door: 0
    World: 0
    Unknown: 0
  Unk20: 0
  Unk24: 0
  Entities:
  - ObjectId: 1109
    PositionX: 527
    PositionY: -840
    PositionZ: 360
    RotationX: 0
    RotationY: -1.5707963705062866
    RotationZ: 0
    SpawnType: 2
    SpawnArgument: 0
    Serial: 35
    Argument1: 90
    Argument2: 0
    ReactionCommand: 0
    SpawnDelay: 60
    Command: 0
    SpawnRange: 0
    Level: 0
    Medal: 0
  - ObjectId: 1109
    PositionX: -527
    PositionY: -840
    PositionZ: 360
    RotationX: 0
    RotationY: 1.5707963705062866
    RotationZ: 0
    SpawnType: 2
    SpawnArgument: 0
    Serial: 28
    Argument1: 90
    Argument2: 0
    ReactionCommand: 0
    SpawnDelay: 120
    Command: 0
    SpawnRange: 0
    Level: 0
    Medal: 0
  - ObjectId: 3
    PositionX: -320.56781005859375
    PositionY: -650.07720947265625
    PositionZ: 480.93850708007812
    RotationX: 0
    RotationY: -3.1415927410125732
    RotationZ: 0
    SpawnType: 2
    SpawnArgument: 0
    Serial: 13
    Argument1: 0
    Argument2: 0
    ReactionCommand: 0
    SpawnDelay: 0
    Command: 0
    SpawnRange: 0
    Level: 0
    Medal: 0
  - ObjectId: 3
    PositionX: 229.43220520019531
    PositionY: -650.07720947265625
    PositionZ: 480.93850708007812
    RotationX: 0
    RotationY: -3.1415927410125732
    RotationZ: 0
    SpawnType: 2
    SpawnArgument: 0
    Serial: 14
    Argument1: 0
    Argument2: 0
    ReactionCommand: 0
    SpawnDelay: 0
    Command: 0
    SpawnRange: 0
    Level: 0
    Medal: 0
  EventActivators:
  - Shape: 2
    Option: 0
    PositionX: 973.23040771484375
    PositionY: -100
    PositionZ: 46.882171630859375
    ScaleX: 103.73699951171875
    ScaleY: 100
    ScaleZ: 121.00949859619141
    RotationX: 0
    RotationY: 2.6012403964996338
    RotationZ: 0
    Flags: 0
    Type: 0
    OnBgGroup: 0
    OffBgGroup: 0
  WalkPath: []
  ReturnParameters:
  - Id: 0
    Type: 0
    Rate: 0
    EntryType: 0
    Argument04: 0
    Argument08: 0
    Argument0c: 0
  - Id: 0
    Type: 0
    Rate: 0
    EntryType: 0
    Argument04: 0
    Argument08: 0
    Argument0c: 0
  - Id: 0
    Type: 0
    Rate: 0
    EntryType: 0
    Argument04: 0
    Argument08: 0
    Argument0c: 0
  Signals: []
