- Type: 2
  Flag: 0
  Id: 429
  Teleport:
    Place: 0
    Door: 0
    World: 0
    Unknown: 0
  Unk20: 0
  Unk24: 0
  Entities:
  - ObjectId: 123
    PositionX: -896.888916015625
    PositionY: 10.978599548339844
    PositionZ: -732.3662109375
    RotationX: 0
    RotationY: -0.059498988091945648
    RotationZ: 0
    SpawnType: 2
    SpawnArgument: 0
    Serial: 188
    Argument1: 0
    Argument2: 0
    ReactionCommand: 0
    SpawnDelay: 0
    Command: 0
    SpawnRange: 0
    Level: 0
    Medal: 0
  - ObjectId: 8
    PositionX: -588.5
    PositionY: -0
    PositionZ: -600.47100830078125
    RotationX: 0
    RotationY: -0.059498988091945648
    RotationZ: 0
    SpawnType: 2
    SpawnArgument: 0
    Serial: 191
    Argument1: 0
    Argument2: 0
    ReactionCommand: 0
    SpawnDelay: 0
    Command: 0
    SpawnRange: 0
    Level: 0
    Medal: 0
  - ObjectId: 123
    PositionX: -297.95059204101562
    PositionY: 60.978599548339844
    PositionZ: -768.04461669921875
    RotationX: 0
    RotationY: -0.059498988091945648
    RotationZ: 0
    SpawnType: 2
    SpawnArgument: 0
    Serial: 190
    Argument1: 0
    Argument2: 0
    ReactionCommand: 0
    SpawnDelay: 0
    Command: 0
    SpawnRange: 0
    Level: 0
    Medal: 0
  EventActivators:
  - Shape: 1
    Option: 0
    PositionX: -656.85382080078125
    PositionY: 25
    PositionZ: -649.307373046875
    ScaleX: 751.16448974609375
    ScaleY: 175
    ScaleZ: 731.0570068359375
    RotationX: 0
    RotationY: 0
    RotationZ: 0
    Flags: 0
    Type: 0
    OnBgGroup: 0
    OffBgGroup: 0
  WalkPath: []
  ReturnParameters: []
  Signals: []
- Type: 2
  Flag: 0
  Id: 430
  Teleport:
    Place: 0
    Door: 0
    World: 0
    Unknown: 0
  Unk20: 0
  Unk24: 0
  Entities:
  - ObjectId: 8
    PositionX: 1071.3719482421875
    PositionY: -167.35189819335938
    PositionZ: 516.314697265625
    RotationX: 0
    RotationY: 0
    RotationZ: 0
    SpawnType: 2
    SpawnArgument: 0
    Serial: 192
    Argument1: 0
    Argument2: 0
    ReactionCommand: 0
    SpawnDelay: 20
    Command: 0
    SpawnRange: 0
    Level: 0
    Medal: 0
  - ObjectId: 8
    PositionX: 1171.3719482421875
    PositionY: -167.35189819335938
    PositionZ: 66.314697265625
    RotationX: 0
    RotationY: 0
    RotationZ: 0
    SpawnType: 2
    SpawnArgument: 0
    Serial: 193
    Argument1: 0
    Argument2: 0
    ReactionCommand: 0
    SpawnDelay: 20
    Command: 0
    SpawnRange: 0
    Level: 0
    Medal: 0
  - ObjectId: 123
    PositionX: 1171.3719482421875
    PositionY: 32.648078918457031
    PositionZ: 316.314697265625
    RotationX: 0
    RotationY: 0
    RotationZ: 0
    SpawnType: 2
    SpawnArgument: 0
    Serial: 194
    Argument1: 0
    Argument2: 0
    ReactionCommand: 0
    SpawnDelay: 20
    Command: 0
    SpawnRange: 0
    Level: 0
    Medal: 0
  EventActivators:
  - Shape: 1
    Option: 0
    PositionX: 1084.2679443359375
    PositionY: 25
    PositionZ: 291.33401489257812
    ScaleX: 488.989501953125
    ScaleY: 175
    ScaleZ: 508.09500122070312
    RotationX: 0
    RotationY: -0.010658684186637402
    RotationZ: 0
    Flags: 0
    Type: 0
    OnBgGroup: 0
    OffBgGroup: 0
  WalkPath: []
  ReturnParameters: []
  Signals: []
