- Type: 3
  Flag: 0
  Id: 28
  Teleport:
    Place: 9
    Door: 0
    World: 0
    Unknown: 0
  Unk20: 0
  Unk24: 0
  Entities: []
  EventActivators:
  - Shape: 0
    Option: 0
    PositionX: -2.9000799655914307
    PositionY: -555.23052978515625
    PositionZ: 283.75289916992188
    ScaleX: 2387.22998046875
    ScaleY: 575.23052978515625
    ScaleZ: 935.29498291015625
    RotationX: 0
    RotationY: -1.5707963705062866
    RotationZ: 0
    Flags: 0
    Type: 0
    OnBgGroup: 0
    OffBgGroup: 0
  WalkPath: []
  ReturnParameters: []
  Signals: []
