- Type: 1
  Flag: 0
  Id: 142
  Teleport:
    Place: 0
    Door: 0
    World: 0
    Unknown: 0
  Unk20: 0
  Unk24: 0
  Entities:
  - ObjectId: 566
    PositionX: -1.1997799873352051
    PositionY: 5.8026678743772209E-05
    PositionZ: 591.2637939453125
    RotationX: 0
    RotationY: 3.1396396160125732
    RotationZ: 0
    SpawnType: 1
    SpawnArgument: 50
    Serial: 6
    Argument1: 0
    Argument2: 0
    ReactionCommand: 0
    SpawnDelay: 0
    Command: 0
    SpawnRange: 0
    Level: 0
    Medal: 0
  - ObjectId: 567
    PositionX: -101.39479827880859
    PositionY: 5.3664080041926354E-05
    PositionZ: 491.45928955078125
    RotationX: 0
    RotationY: 3.1396396160125732
    RotationZ: 0
    SpawnType: 1
    SpawnArgument: 50
    Serial: 46
    Argument1: 0
    Argument2: 0
    ReactionCommand: 0
    SpawnDelay: 0
    Command: 0
    SpawnRange: 0
    Level: 0
    Medal: 0
  - ObjectId: 568
    PositionX: 98.604660034179688
    PositionY: 5.364701064536348E-05
    PositionZ: 491.06878662109375
    RotationX: 0
    RotationY: 3.1396396160125732
    RotationZ: 0
    SpawnType: 1
    SpawnArgument: 50
    Serial: 47
    Argument1: 0
    Argument2: 0
    ReactionCommand: 0
    SpawnDelay: 0
    Command: 0
    SpawnRange: 0
    Level: 0
    Medal: 0
  EventActivators: []
  WalkPath: []
  ReturnParameters: []
  Signals: []
