- Type: 1
  Flag: 0
  Id: 162
  Teleport:
    Place: 0
    Door: 0
    World: 0
    Unknown: 0
  Unk20: 0
  Unk24: 0
  Entities:
  - ObjectId: 566
    PositionX: -43.301261901855469
    PositionY: -115.31400299072266
    PositionZ: 375
    RotationX: 0
    RotationY: -2.0943951606750488
    RotationZ: 0
    SpawnType: 0
    SpawnArgument: 0
    Serial: 109
    Argument1: 0
    Argument2: 0
    ReactionCommand: 0
    SpawnDelay: 0
    Command: 0
    SpawnRange: 0
    Level: 0
    Medal: 0
  - ObjectId: 567
    PositionX: -6.6987471580505371
    PositionY: -96.892501831054688
    PositionZ: 238.39750671386719
    RotationX: 0
    RotationY: -2.0943951606750488
    RotationZ: 0
    SpawnType: 0
    SpawnArgument: 0
    Serial: 110
    Argument1: 0
    Argument2: 0
    ReactionCommand: 0
    SpawnDelay: 0
    Command: 0
    SpawnRange: 0
    Level: 0
    Medal: 0
  - ObjectId: 568
    PositionX: 93.301261901855469
    PositionY: -107.47170257568359
    PositionZ: 411.60250854492188
    RotationX: 0
    RotationY: -2.0943951606750488
    RotationZ: 0
    SpawnType: 0
    SpawnArgument: 0
    Serial: 111
    Argument1: 0
    Argument2: 0
    ReactionCommand: 0
    SpawnDelay: 0
    Command: 0
    SpawnRange: 0
    Level: 0
    Medal: 0
  EventActivators: []
  WalkPath: []
  ReturnParameters: []
  Signals: []
