- Type: 1
  Flag: 0
  Id: 63
  Teleport:
    Place: 0
    Door: 0
    World: 0
    Unknown: 0
  Unk20: 0
  Unk24: 0
  Entities:
  - ObjectId: 566
    PositionX: 76.33953857421875
    PositionY: -155.29119873046875
    PositionZ: -1983.18798828125
    RotationX: 0
    RotationY: -0.9523322582244873
    RotationZ: 0
    SpawnType: 1
    SpawnArgument: 50
    Serial: 54
    Argument1: 0
    Argument2: 0
    ReactionCommand: 0
    SpawnDelay: 0
    Command: 0
    SpawnRange: 0
    Level: 0
    Medal: 0
  - ObjectId: 567
    PositionX: 226.94509887695312
    PositionY: -138.81210327148438
    PositionZ: -2008.56494140625
    RotationX: 0
    RotationY: -0.9523322582244873
    RotationZ: 0
    SpawnType: 1
    SpawnArgument: 50
    Serial: 55
    Argument1: 0
    Argument2: 0
    ReactionCommand: 0
    SpawnDelay: 0
    Command: 0
    SpawnRange: 0
    Level: 0
    Medal: 0
  - ObjectId: 568
    PositionX: 101.71690368652344
    PositionY: -134.23930358886719
    PositionZ: -1832.58203125
    RotationX: 0
    RotationY: -0.9523322582244873
    RotationZ: 0
    SpawnType: 1
    SpawnArgument: 50
    Serial: 56
    Argument1: 0
    Argument2: 0
    ReactionCommand: 0
    SpawnDelay: 0
    Command: 0
    SpawnRange: 0
    Level: 0
    Medal: 0
  EventActivators: []
  WalkPath: []
  ReturnParameters: []
  Signals: []
