- Type: 1
  Flag: 0
  Id: 12
  Teleport:
    Place: 0
    Door: 0
    World: 0
    Unknown: 0
  Unk20: 0
  Unk24: 0
  Entities:
  - ObjectId: 566
    PositionX: 148.72099304199219
    PositionY: -53.116500854492188
    PositionZ: -125.04499816894531
    RotationX: 0
    RotationY: 0
    RotationZ: 0
    SpawnType: 1
    SpawnArgument: 51
    Serial: 98
    Argument1: 0
    Argument2: 0
    ReactionCommand: 0
    SpawnDelay: 0
    Command: 0
    SpawnRange: 0
    Level: 0
    Medal: 0
  - ObjectId: 567
    PositionX: 248.72099304199219
    PositionY: -43.478298187255859
    PositionZ: -25.045000076293945
    RotationX: 0
    RotationY: 0
    RotationZ: 0
    SpawnType: 1
    SpawnArgument: 51
    Serial: 99
    Argument1: 0
    Argument2: 0
    ReactionCommand: 0
    SpawnDelay: 0
    Command: 0
    SpawnRange: 0
    Level: 0
    Medal: 0
  - ObjectId: 568
    PositionX: 48.720989227294922
    PositionY: -67.20294189453125
    PositionZ: -25.045000076293945
    RotationX: 0
    RotationY: 0
    RotationZ: 0
    SpawnType: 1
    SpawnArgument: 51
    Serial: 100
    Argument1: 0
    Argument2: 0
    ReactionCommand: 0
    SpawnDelay: 0
    Command: 0
    SpawnRange: 0
    Level: 0
    Medal: 0
  EventActivators: []
  WalkPath: []
  ReturnParameters: []
  Signals: []
