- Type: 1
  Flag: 0
  Id: 13
  Teleport:
    Place: 0
    Door: 0
    World: 0
    Unknown: 0
  Unk20: 0
  Unk24: 0
  Entities:
  - ObjectId: 566
    PositionX: -416.46859741210938
    PositionY: -150
    PositionZ: -1234.6669921875
    RotationX: 0
    RotationY: -0.2617993950843811
    RotationZ: 0
    SpawnType: 0
    SpawnArgument: 0
    Serial: 3
    Argument1: 0
    Argument2: 0
    ReactionCommand: 0
    SpawnDelay: 0
    Command: 0
    SpawnRange: 0
    Level: 0
    Medal: 0
  - ObjectId: 567
    PositionX: -293.99411010742188
    PositionY: -150
    PositionZ: -1163.9560546875
    RotationX: 0
    RotationY: -0.2617993950843811
    RotationZ: 0
    SpawnType: 0
    SpawnArgument: 0
    Serial: 4
    Argument1: 0
    Argument2: 0
    ReactionCommand: 0
    SpawnDelay: 0
    Command: 0
    SpawnRange: 0
    Level: 0
    Medal: 0
  - ObjectId: 568
    PositionX: -487.17929077148438
    PositionY: -150
    PositionZ: -1112.1920166015625
    RotationX: 0
    RotationY: -0.2617993950843811
    RotationZ: 0
    SpawnType: 0
    SpawnArgument: 0
    Serial: 5
    Argument1: 0
    Argument2: 0
    ReactionCommand: 0
    SpawnDelay: 0
    Command: 0
    SpawnRange: 0
    Level: 0
    Medal: 0
  - ObjectId: 126
    PositionX: -507.05520629882812
    PositionY: -150
    PositionZ: -1572.740966796875
    RotationX: 0
    RotationY: 2.8797931671142578
    RotationZ: 0
    SpawnType: 3
    SpawnArgument: 0
    Serial: 6
    Argument1: 1
    Argument2: 0
    ReactionCommand: 0
    SpawnDelay: 0
    Command: 0
    SpawnRange: 0
    Level: 0
    Medal: 0
  EventActivators: []
  WalkPath: []
  ReturnParameters: []
  Signals: []
