- Type: 6
  Flag: 0
  Id: 174
  Teleport:
    Place: 0
    Door: 0
    World: 0
    Unknown: 0
  Unk20: 0
  Unk24: 0
  Entities:
  - ObjectId: 1181
    PositionX: -862.15869140625
    PositionY: -675
    PositionZ: 1785.112060546875
    RotationX: 0
    RotationY: 1.5802090167999268
    RotationZ: 0
    SpawnType: 0
    SpawnArgument: 0
    Serial: 35
    Argument1: 0
    Argument2: 0
    ReactionCommand: 255
    SpawnDelay: 0
    Command: 31
    SpawnRange: 0
    Level: 0
    Medal: 0
  EventActivators:
  - Shape: 0
    Option: 1
    PositionX: -1075.7020263671875
    PositionY: -775.0001220703125
    PositionZ: 1767.218017578125
    ScaleX: 80.876998901367188
    ScaleY: 100
    ScaleZ: 57.876998901367188
    RotationX: 0
    RotationY: -1.3839895725250244
    RotationZ: 0
    Flags: 0
    Type: 0
    OnBgGroup: 0
    OffBgGroup: 0
  - Shape: 0
    Option: 2
    PositionX: -927.23370361328125
    PositionY: -775.50018310546875
    PositionZ: 2064.951904296875
    ScaleX: 127.8280029296875
    ScaleY: 100
    ScaleZ: 60.576499938964844
    RotationX: 0
    RotationY: -1.4776196479797363
    RotationZ: 0
    Flags: 0
    Type: 0
    OnBgGroup: 0
    OffBgGroup: 0
  - Shape: 0
    Option: 3
    PositionX: -910.53228759765625
    PositionY: -775.0001220703125
    PositionZ: 1690.31298828125
    ScaleX: 60.402000427246094
    ScaleY: 100
    ScaleZ: 54.221500396728516
    RotationX: 0
    RotationY: 0.26464793086051941
    RotationZ: 0
    Flags: 0
    Type: 0
    OnBgGroup: 0
    OffBgGroup: 0
  WalkPath:
  - Serial: 40
    Flag: 1
    Id: 0
    Positions:
    - X: -945.86376953125
      Y: -675
      Z: 2264.14599609375
    - X: -1074.442138671875
      Y: -684.99993896484375
      Z: 2188.565673828125
    - X: -1090.8221435546875
      Y: -685.5
      Z: 2032.954345703125
    - X: -1069.380859375
      Y: -685.5
      Z: 1872.57080078125
    - X: -1082.52099609375
      Y: -685
      Z: 1743.7977294921875
    - X: -914.32757568359375
      Y: -684.99993896484375
      Z: 1688.6092529296875
    - X: -827.6029052734375
      Y: -685.5
      Z: 1885.7109375
    - X: -951.11981201171875
      Y: -685.5
      Z: 2067.04443359375
    - X: -859.13916015625
      Y: -684.99993896484375
      Z: 2216.841552734375
  ReturnParameters:
  - Id: 1
    Type: 4
    Rate: 10
    EntryType: 0
    Argument04: 0
    Argument08: 0
    Argument0c: 0
  - Id: 1
    Type: 0
    Rate: 20
    EntryType: 3
    Argument04: -996149879
    Argument08: -999678263
    Argument0c: 1155452690
  - Id: 1
    Type: 3
    Rate: 30
    EntryType: 0
    Argument04: 0
    Argument08: 0
    Argument0c: 0
  - Id: 2
    Type: 4
    Rate: 25
    EntryType: 2
    Argument04: 0
    Argument08: 0
    Argument0c: 0
  - Id: 2
    Type: 0
    Rate: 10
    EntryType: 0
    Argument04: 0
    Argument08: 0
    Argument0c: 0
  - Id: 2
    Type: 3
    Rate: 30
    EntryType: 0
    Argument04: 0
    Argument08: 0
    Argument0c: 0
  - Id: 3
    Type: 4
    Rate: 10
    EntryType: 0
    Argument04: 0
    Argument08: 0
    Argument0c: 0
  - Id: 3
    Type: 0
    Rate: 20
    EntryType: 3
    Argument04: -1001152019
    Argument08: -1007026176
    Argument0c: 1151669264
  - Id: 3
    Type: 3
    Rate: 30
    EntryType: 0
    Argument04: 0
    Argument08: 0
    Argument0c: 0
  Signals: []
