- Type: 6
  Flag: 0
  Id: 259
  Teleport:
    Place: 0
    Door: 0
    World: 0
    Unknown: 0
  Unk20: 0
  Unk24: 0
  Entities:
  - ObjectId: 1181
    PositionX: -862.15869140625
    PositionY: -675
    PositionZ: 1785.112060546875
    RotationX: 0
    RotationY: 1.5802090167999268
    RotationZ: 0
    SpawnType: 0
    SpawnArgument: 0
    Serial: 41
    Argument1: 0
    Argument2: 0
    ReactionCommand: 846
    SpawnDelay: 0
    Command: 31
    SpawnRange: 0
    Level: 0
    Medal: 0
  EventActivators:
  - Shape: 0
    Option: 1
    PositionX: -958.2052001953125
    PositionY: -775
    PositionZ: 2215.888916015625
    ScaleX: 100
    ScaleY: 100
    ScaleZ: 45.586948394775391
    RotationX: 0
    RotationY: -0.60886508226394653
    RotationZ: 0
    Flags: 0
    Type: 0
    OnBgGroup: 0
    OffBgGroup: 0
  - Shape: 0
    Option: 1
    PositionX: -1068.4219970703125
    PositionY: -775
    PositionZ: 2052.76904296875
    ScaleX: 100
    ScaleY: 100
    ScaleZ: 45.586948394775391
    RotationX: 0
    RotationY: -0.92793780565261841
    RotationZ: 0
    Flags: 0
    Type: 0
    OnBgGroup: 0
    OffBgGroup: 0
  WalkPath:
  - Serial: 75
    Flag: 1
    Id: 0
    Positions:
    - X: -967.72637939453125
      Y: -675
      Z: 2258.52099609375
    - X: -1088.964599609375
      Y: -685
      Z: 2163.73486328125
    - X: -1025.0390625
      Y: -685.5
      Z: 2031.474853515625
    - X: -897.187744140625
      Y: -685.5
      Z: 1883.78466796875
    - X: -1014.017333984375
      Y: -685
      Z: 1788.99853515625
    - X: -1102.1905517578125
      Y: -685.5
      Z: 1877.1717529296875
    - X: -877.34881591796875
      Y: -685
      Z: 2115.239501953125
    - X: -1033.8563232421875
      Y: -685
      Z: 2258.52099609375
    - X: -1111.0079345703125
      Y: -685.5
      Z: 2097.604736328125
    - X: -954.5003662109375
      Y: -685.5
      Z: 1930.07568359375
    - X: -921.4354248046875
      Y: -685
      Z: 2150.5087890625
  ReturnParameters:
  - Id: 1
    Type: 0
    Rate: 20
    EntryType: 3
    Argument04: 1128107042
    Argument08: -997375091
    Argument0c: 1158183211
  - Id: 1
    Type: 0
    Rate: 20
    EntryType: 0
    Argument04: 0
    Argument08: 0
    Argument0c: 0
  - Id: 1
    Type: 3
    Rate: 30
    EntryType: 0
    Argument04: 0
    Argument08: 0
    Argument0c: 0
  - Id: 2
    Type: 4
    Rate: 25
    EntryType: 2
    Argument04: 0
    Argument08: 0
    Argument0c: 0
  - Id: 2
    Type: 0
    Rate: 10
    EntryType: 0
    Argument04: 0
    Argument08: 0
    Argument0c: 0
  - Id: 2
    Type: 3
    Rate: 30
    EntryType: 0
    Argument04: 0
    Argument08: 0
    Argument0c: 0
  - Id: 3
    Type: 4
    Rate: 10
    EntryType: 0
    Argument04: 0
    Argument08: 0
    Argument0c: 0
  - Id: 3
    Type: 0
    Rate: 20
    EntryType: 3
    Argument04: 0
    Argument08: -2147483648
    Argument0c: -2147483648
  - Id: 3
    Type: 3
    Rate: 30
    EntryType: 0
    Argument04: 0
    Argument08: 0
    Argument0c: 0
  Signals: []
