- Type: 6
  Flag: 0
  Id: 291
  Teleport:
    Place: 0
    Door: 0
    World: 0
    Unknown: 0
  Unk20: 0
  Unk24: 0
  Entities:
  - ObjectId: 1181
    PositionX: -354.44189453125
    PositionY: -500.00009155273438
    PositionZ: 1503.8570556640625
    RotationX: 0
    RotationY: 1.5802090167999268
    RotationZ: 0
    SpawnType: 0
    SpawnArgument: 0
    Serial: 42
    Argument1: 0
    Argument2: 0
    ReactionCommand: 856
    SpawnDelay: 0
    Command: 31
    SpawnRange: 0
    Level: 0
    Medal: 0
  EventActivators:
  - Shape: 0
    Option: 0
    PositionX: -339.19781494140625
    PositionY: -600
    PositionZ: 1406.552978515625
    ScaleX: 102.90395355224609
    ScaleY: 100
    ScaleZ: 51.497451782226562
    RotationX: 0
    RotationY: 0.61660909652709961
    RotationZ: 0
    Flags: 0
    Type: 0
    OnBgGroup: 0
    OffBgGroup: 0
  - Shape: 0
    Option: 0
    PositionX: -250.12120056152344
    PositionY: -600
    PositionZ: 1721.3800048828125
    ScaleX: 144.54205322265625
    ScaleY: 100
    ScaleZ: 51.497451782226562
    RotationX: 0
    RotationY: 1.6550798416137695
    RotationZ: 0
    Flags: 0
    Type: 0
    OnBgGroup: 0
    OffBgGroup: 0
  WalkPath:
  - Serial: 76
    Flag: 1
    Id: 0
    Positions:
    - X: -429.86959838867188
      Y: -500
      Z: 1469.3699951171875
    - X: -507.02120971679688
      Y: -510
      Z: 1445.1224365234375
    - X: -513.63421630859375
      Y: -510
      Z: 1372.3795166015625
    - X: -414.43930053710938
      Y: -510
      Z: 1343.72314453125
    - X: -290.99679565429688
      Y: -510
      Z: 1438.5093994140625
    - X: -207.23219299316406
      Y: -510
      Z: 1506.8436279296875
    - X: -251.31880187988281
      Y: -510
      Z: 1667.759765625
    - X: -238.0928955078125
      Y: -510
      Z: 1885.988525390625
    - X: -88.19830322265625
      Y: -510
      Z: 1868.3538818359375
    - X: -147.71530151367188
      Y: -510
      Z: 1643.5120849609375
    - X: -198.41490173339844
      Y: -510
      Z: 1372.37939453125
    - X: -290.99679565429688
      Y: -510
      Z: 1376.7882080078125
    - X: -359.33102416992188
      Y: -510
      Z: 1449.5311279296875
  ReturnParameters:
  - Id: 0
    Type: 2
    Rate: 0
    EntryType: 1
    Argument04: 1182
    Argument08: 0
    Argument0c: 0
  - Id: 1
    Type: 0
    Rate: 10
    EntryType: 0
    Argument04: 0
    Argument08: 0
    Argument0c: 0
  - Id: 1
    Type: 0
    Rate: 20
    EntryType: 0
    Argument04: 0
    Argument08: 0
    Argument0c: 0
  - Id: 1
    Type: 3
    Rate: 30
    EntryType: 0
    Argument04: 0
    Argument08: 0
    Argument0c: 0
  - Id: 2
    Type: 4
    Rate: 25
    EntryType: 2
    Argument04: 0
    Argument08: 0
    Argument0c: 0
  - Id: 2
    Type: 0
    Rate: 10
    EntryType: 0
    Argument04: 0
    Argument08: 0
    Argument0c: 0
  - Id: 2
    Type: 3
    Rate: 30
    EntryType: 0
    Argument04: 0
    Argument08: 0
    Argument0c: 0
  - Id: 3
    Type: 4
    Rate: 10
    EntryType: 0
    Argument04: 0
    Argument08: 0
    Argument0c: 0
  - Id: 3
    Type: 0
    Rate: 20
    EntryType: 3
    Argument04: 0
    Argument08: -2147483648
    Argument0c: -2147483648
  - Id: 3
    Type: 3
    Rate: 30
    EntryType: 0
    Argument04: 0
    Argument08: 0
    Argument0c: 0
  Signals: []
