- Type: 6
  Flag: 0
  Id: 323
  Teleport:
    Place: 0
    Door: 0
    World: 0
    Unknown: 0
  Unk20: 0
  Unk24: 0
  Entities:
  - ObjectId: 1182
    PositionX: -57.146358489990234
    PositionY: -500
    PositionZ: 1854.8900146484375
    RotationX: 0
    RotationY: 0
    RotationZ: 0
    SpawnType: 0
    SpawnArgument: 0
    Serial: 43
    Argument1: 0
    Argument2: 0
    ReactionCommand: 847
    SpawnDelay: 0
    Command: 31
    SpawnRange: 0
    Level: 0
    Medal: 0
  EventActivators:
  - Shape: 0
    Option: 1
    PositionX: -73.76849365234375
    PositionY: -600
    PositionZ: 1859.655029296875
    ScaleX: 115.93849945068359
    ScaleY: 100
    ScaleZ: 41.709949493408203
    RotationX: 0
    RotationY: 0.5366208553314209
    RotationZ: 0
    Flags: 0
    Type: 0
    OnBgGroup: 0
    OffBgGroup: 0
  WalkPath:
  - Serial: 77
    Flag: 1
    Id: 0
    Positions:
    - X: -196.86500549316406
      Y: -500
      Z: 1916.009033203125
    - X: -290.31204223632812
      Y: -510
      Z: 1827.0430908203125
    - X: -194.97050476074219
      Y: -510
      Z: 1773.241455078125
    - X: -83.364700317382812
      Y: -509.99996948242188
      Z: 1849.9207763671875
    - X: 49.565101623535156
      Y: -510
      Z: 1904.7667236328125
    - X: 113.19020080566406
      Y: -509.99996948242188
      Z: 1831.4559326171875
    - X: 14.474300384521484
      Y: -509.99996948242188
      Z: 1786.1771240234375
  ReturnParameters:
  - Id: 1
    Type: 0
    Rate: 10
    EntryType: 0
    Argument04: 0
    Argument08: 0
    Argument0c: 0
  - Id: 1
    Type: 0
    Rate: 20
    EntryType: 0
    Argument04: 0
    Argument08: 0
    Argument0c: 0
  - Id: 1
    Type: 3
    Rate: 30
    EntryType: 0
    Argument04: 0
    Argument08: 0
    Argument0c: 0
  - Id: 2
    Type: 4
    Rate: 25
    EntryType: 2
    Argument04: 0
    Argument08: 0
    Argument0c: 0
  - Id: 2
    Type: 0
    Rate: 10
    EntryType: 0
    Argument04: 0
    Argument08: 0
    Argument0c: 0
  - Id: 2
    Type: 3
    Rate: 30
    EntryType: 0
    Argument04: 0
    Argument08: 0
    Argument0c: 0
  - Id: 3
    Type: 4
    Rate: 10
    EntryType: 0
    Argument04: 0
    Argument08: 0
    Argument0c: 0
  - Id: 3
    Type: 0
    Rate: 20
    EntryType: 3
    Argument04: 0
    Argument08: -2147483648
    Argument0c: -2147483648
  - Id: 3
    Type: 3
    Rate: 30
    EntryType: 0
    Argument04: 0
    Argument08: 0
    Argument0c: 0
  Signals: []
