- Type: 6
  Flag: 0
  Id: 419
  Teleport:
    Place: 0
    Door: 0
    World: 0
    Unknown: 0
  Unk20: 0
  Unk24: 0
  Entities:
  - ObjectId: 1182
    PositionX: -940.23211669921875
    PositionY: -675
    PositionZ: 2182.535888671875
    RotationX: 0
    RotationY: 0
    RotationZ: 0
    SpawnType: 0
    SpawnArgument: 0
    Serial: 46
    Argument1: 0
    Argument2: 0
    ReactionCommand: 848
    SpawnDelay: 0
    Command: 31
    SpawnRange: 0
    Level: 0
    Medal: 0
  EventActivators:
  - Shape: 0
    Option: 1
    PositionX: -999.95831298828125
    PositionY: -775.5
    PositionZ: 1940.8349609375
    ScaleX: 110.56649780273438
    ScaleY: 100
    ScaleZ: 31.16819953918457
    RotationX: 0
    RotationY: 0.89495843648910522
    RotationZ: 0
    Flags: 0
    Type: 0
    OnBgGroup: 0
    OffBgGroup: 0
  - Shape: 0
    Option: 0
    PositionX: -966.9539794921875
    PositionY: -775
    PositionZ: 2266.989990234375
    ScaleX: 110.56645202636719
    ScaleY: 100
    ScaleZ: 31.168224334716797
    RotationX: 0
    RotationY: -0.49121645092964172
    RotationZ: 0
    Flags: 0
    Type: 0
    OnBgGroup: 0
    OffBgGroup: 0
  WalkPath:
  - Serial: 78
    Flag: 1
    Id: 0
    Positions:
    - X: -1045.8759765625
      Y: -675
      Z: 2291.326904296875
    - X: -1093.034912109375
      Y: -674.99993896484375
      Z: 2207.488525390625
    - X: -1039.3260498046875
      Y: -675.5
      Z: 2072.5615234375
    - X: -828.42059326171875
      Y: -675.5
      Z: 2079.111328125
    - X: -815.32080078125
      Y: -675
      Z: 2263.8173828125
    - X: -903.0889892578125
      Y: -675
      Z: 2255.95751953125
    - X: -972.5174560546875
      Y: -675.5
      Z: 2139.847900390625
    - X: -1058.1514892578125
      Y: -675
      Z: 2177.584716796875
    - X: -1107.444580078125
      Y: -675.5
      Z: 1945.494140625
    - X: -1047.1859130859375
      Y: -675.5
      Z: 1870.8258056640625
    - X: -909.53631591796875
      Y: -675.5
      Z: 2093.760986328125
    - X: -890.70452880859375
      Y: -674.99993896484375
      Z: 2207.797607421875
  ReturnParameters:
  - Id: 0
    Type: 2
    Rate: 0
    EntryType: 1
    Argument04: 1181
    Argument08: 0
    Argument0c: 0
  - Id: 1
    Type: 0
    Rate: 10
    EntryType: 0
    Argument04: 0
    Argument08: 0
    Argument0c: 0
  - Id: 1
    Type: 0
    Rate: 20
    EntryType: 0
    Argument04: 0
    Argument08: 0
    Argument0c: 0
  - Id: 1
    Type: 3
    Rate: 30
    EntryType: 0
    Argument04: 0
    Argument08: 0
    Argument0c: 0
  - Id: 2
    Type: 4
    Rate: 25
    EntryType: 2
    Argument04: 0
    Argument08: 0
    Argument0c: 0
  - Id: 2
    Type: 0
    Rate: 10
    EntryType: 0
    Argument04: 0
    Argument08: 0
    Argument0c: 0
  - Id: 2
    Type: 3
    Rate: 30
    EntryType: 0
    Argument04: 0
    Argument08: 0
    Argument0c: 0
  - Id: 3
    Type: 4
    Rate: 10
    EntryType: 0
    Argument04: 0
    Argument08: 0
    Argument0c: 0
  - Id: 3
    Type: 0
    Rate: 20
    EntryType: 3
    Argument04: 0
    Argument08: -2147483648
    Argument0c: -2147483648
  - Id: 3
    Type: 3
    Rate: 30
    EntryType: 0
    Argument04: 0
    Argument08: 0
    Argument0c: 0
  Signals: []
