- Type: 1
  Flag: 0
  Id: 650
  Teleport:
    Place: 0
    Door: 0
    World: 0
    Unknown: 0
  Unk20: 0
  Unk24: 0
  Entities:
  - ObjectId: 2240
    PositionX: -40.064418792724609
    PositionY: -500
    PositionZ: 1305.3809814453125
    RotationX: 0
    RotationY: -2.0943951606750488
    RotationZ: 0
    SpawnType: 1
    SpawnArgument: 0
    Serial: 56
    Argument1: 0
    Argument2: 0
    ReactionCommand: 0
    SpawnDelay: 0
    Command: 0
    SpawnRange: 0
    Level: 0
    Medal: 0
  - ObjectId: 2240
    PositionX: 290.14859008789062
    PositionY: -1150
    PositionZ: 2330.490966796875
    RotationX: 0
    RotationY: -1.2217304706573486
    RotationZ: 0
    SpawnType: 1
    SpawnArgument: 1
    Serial: 57
    Argument1: 0
    Argument2: 0
    ReactionCommand: 0
    SpawnDelay: 0
    Command: 0
    SpawnRange: 0
    Level: 0
    Medal: 0
  EventActivators: []
  WalkPath: []
  ReturnParameters: []
  Signals: []
