- Type: 6
  Flag: 0
  Id: 204
  Teleport:
    Place: 0
    Door: 0
    World: 0
    Unknown: 0
  Unk20: 0
  Unk24: 0
  Entities:
  - ObjectId: 1064
    PositionX: -503.65890502929688
    PositionY: -3.5465450286865234
    PositionZ: -350.75808715820312
    RotationX: 0
    RotationY: 0
    RotationZ: 0
    SpawnType: 0
    SpawnArgument: 0
    Serial: 19
    Argument1: 0
    Argument2: 0
    ReactionCommand: 574
    SpawnDelay: 0
    Command: 31
    SpawnRange: 0
    Level: 0
    Medal: 0
  EventActivators:
  - Shape: 0
    Option: 1
    PositionX: -506.36459350585938
    PositionY: -103.93061065673828
    PositionZ: -371.69009399414062
    ScaleX: 106.31800079345703
    ScaleY: 100
    ScaleZ: 52.833499908447266
    RotationX: 0
    RotationY: -0.76050853729248047
    RotationZ: 0
    Flags: 0
    Type: 0
    OnBgGroup: 0
    OffBgGroup: 0
  - Shape: 0
    Option: 0
    PositionX: -754.3065185546875
    PositionY: -111.4322509765625
    PositionZ: -647.96807861328125
    ScaleX: 106.31819915771484
    ScaleY: 100
    ScaleZ: 52.833549499511719
    RotationX: 0
    RotationY: -0.058556582778692245
    RotationZ: 0
    Flags: 0
    Type: 0
    OnBgGroup: 0
    OffBgGroup: 0
  - Shape: 0
    Option: 0
    PositionX: -644.767578125
    PositionY: -110.69631958007812
    PositionZ: -459.27389526367188
    ScaleX: 133.29409790039062
    ScaleY: 100
    ScaleZ: 52.833549499511719
    RotationX: 0
    RotationY: -0.54174041748046875
    RotationZ: 0
    Flags: 0
    Type: 0
    OnBgGroup: 0
    OffBgGroup: 0
  WalkPath:
  - Serial: 47
    Flag: 1
    Id: 0
    Positions:
    - X: -557.86419677734375
      Y: -4.8267698287963867
      Z: -331.2239990234375
    - X: -674.0950927734375
      Y: -9.4621963500976562
      Z: -353.99197387695312
    - X: -626.34100341796875
      Y: -10.701594352722168
      Z: -533.65411376953125
    - X: -697.751708984375
      Y: -11.573616981506348
      Z: -641.09991455078125
    - X: -868.015380859375
      Y: -10.596363067626953
      Z: -630.4063720703125
    - X: -882.8245849609375
      Y: -9.3801536560058594
      Z: -771.2882080078125
    - X: -698.09161376953125
      Y: -11.98023796081543
      Z: -802.0941162109375
    - X: -519.4093017578125
      Y: -7.5264630317687988
      Z: -592.73291015625
    - X: -765.2628173828125
      Y: -9.1302509307861328
      Z: -388.032958984375
    - X: -849.24072265625
      Y: -10.478668212890625
      Z: -515.24798583984375
    - X: -716.33941650390625
      Y: -11.299299240112305
      Z: -563.2647705078125
    - X: -472.19903564453125
      Y: -4.1265692710876465
      Z: -519.56488037109375
    - X: -471.27655029296875
      Y: -3.4964690208435059
      Z: -405.5333251953125
  ReturnParameters:
  - Id: 0
    Type: 2
    Rate: 0
    EntryType: 1
    Argument04: 1066
    Argument08: 0
    Argument0c: 0
  - Id: 0
    Type: 0
    Rate: 0
    EntryType: 0
    Argument04: 0
    Argument08: 0
    Argument0c: 0
  - Id: 0
    Type: 0
    Rate: 0
    EntryType: 0
    Argument04: 0
    Argument08: 0
    Argument0c: 0
  - Id: 1
    Type: 0
    Rate: 20
    EntryType: 0
    Argument04: 0
    Argument08: 0
    Argument0c: 0
  - Id: 1
    Type: 0
    Rate: 10
    EntryType: 2
    Argument04: 0
    Argument08: 0
    Argument0c: 0
  - Id: 1
    Type: 3
    Rate: 30
    EntryType: 0
    Argument04: 0
    Argument08: 0
    Argument0c: 0
  Signals: []
