- Type: 6
  Flag: 0
  Id: 389
  Teleport:
    Place: 0
    Door: 0
    World: 0
    Unknown: 0
  Unk20: 0
  Unk24: 0
  Entities:
  - ObjectId: 1064
    PositionX: 182.12809753417969
    PositionY: -2.9688079357147217
    PositionZ: -264.0430908203125
    RotationX: 0
    RotationY: 0
    RotationZ: 0
    SpawnType: 0
    SpawnArgument: 0
    Serial: 27
    Argument1: 0
    Argument2: 0
    ReactionCommand: 671
    SpawnDelay: 0
    Command: 31
    SpawnRange: 0
    Level: 0
    Medal: 0
  EventActivators:
  - Shape: 0
    Option: 1
    PositionX: 179.42239379882812
    PositionY: -103.08402252197266
    PositionZ: -284.97509765625
    ScaleX: 106.31800079345703
    ScaleY: 100
    ScaleZ: 52.833499908447266
    RotationX: 0
    RotationY: -0.76050853729248047
    RotationZ: 0
    Flags: 0
    Type: 0
    OnBgGroup: 0
    OffBgGroup: 0
  - Shape: 0
    Option: 0
    PositionX: -68.51953125
    PositionY: -103.03312683105469
    PositionZ: -561.25311279296875
    ScaleX: 106.31819915771484
    ScaleY: 100
    ScaleZ: 52.833549499511719
    RotationX: 0
    RotationY: -0.058556582778692245
    RotationZ: 0
    Flags: 0
    Type: 0
    OnBgGroup: 0
    OffBgGroup: 0
  - Shape: 0
    Option: 0
    PositionX: 41.0194091796875
    PositionY: -103.49541473388672
    PositionZ: -372.55889892578125
    ScaleX: 133.29409790039062
    ScaleY: 100
    ScaleZ: 52.833549499511719
    RotationX: 0
    RotationY: -0.54174041748046875
    RotationZ: 0
    Flags: 0
    Type: 0
    OnBgGroup: 0
    OffBgGroup: 0
  WalkPath:
  - Serial: 51
    Flag: 1
    Id: 0
    Positions:
    - X: 127.92279815673828
      Y: -3.3686308860778809
      Z: -244.50900268554688
    - X: 11.691900253295898
      Y: -3.5078237056732178
      Z: -267.2769775390625
    - X: 59.445991516113281
      Y: -3.5712122917175293
      Z: -446.9390869140625
    - X: -11.964699745178223
      Y: -3.3283534049987793
      Z: -554.3848876953125
    - X: -182.2283935546875
      Y: -2.2435019016265869
      Z: -543.69140625
    - X: -197.03759765625
      Y: -2.2230489253997803
      Z: -684.57318115234375
    - X: -12.304599761962891
      Y: -4.6171841621398926
      Z: -715.37908935546875
    - X: 166.37770080566406
      Y: -2.4286537170410156
      Z: -506.01791381835938
    - X: -79.475799560546875
      Y: -3.3864691257476807
      Z: -301.31796264648438
    - X: -163.45370483398438
      Y: -2.5030584335327148
      Z: -428.53298950195312
    - X: -30.552400588989258
      Y: -3.1803901195526123
      Z: -476.5498046875
    - X: 213.58796691894531
      Y: -2.0717720985412598
      Z: -432.84991455078125
    - X: 214.51045227050781
      Y: -2.9310998916625977
      Z: -318.81832885742188
  ReturnParameters:
  - Id: 0
    Type: 2
    Rate: 0
    EntryType: 1
    Argument04: 1066
    Argument08: 0
    Argument0c: 0
  - Id: 0
    Type: 0
    Rate: 0
    EntryType: 0
    Argument04: 0
    Argument08: 0
    Argument0c: 0
  - Id: 0
    Type: 0
    Rate: 0
    EntryType: 0
    Argument04: 0
    Argument08: 0
    Argument0c: 0
  - Id: 1
    Type: 0
    Rate: 20
    EntryType: 0
    Argument04: 0
    Argument08: 0
    Argument0c: 0
  - Id: 1
    Type: 0
    Rate: 10
    EntryType: 2
    Argument04: 0
    Argument08: 0
    Argument0c: 0
  - Id: 1
    Type: 3
    Rate: 30
    EntryType: 0
    Argument04: 0
    Argument08: 0
    Argument0c: 0
  Signals: []
