- Type: 6
  Flag: 0
  Id: 563
  Teleport:
    Place: 0
    Door: 0
    World: 0
    Unknown: 0
  Unk20: 0
  Unk24: 0
  Entities:
  - ObjectId: 1213
    PositionX: 622.511474609375
    PositionY: 14.959460258483887
    PositionZ: -232.90969848632812
    RotationX: 0
    RotationY: 0
    RotationZ: 0
    SpawnType: 0
    SpawnArgument: 0
    Serial: 39
    Argument1: 0
    Argument2: 0
    ReactionCommand: 1486
    SpawnDelay: 0
    Command: 31
    SpawnRange: 0
    Level: 0
    Medal: 0
  EventActivators:
  - Shape: 0
    Option: 1
    PositionX: 869.139404296875
    PositionY: -72.077102661132812
    PositionZ: -600.669677734375
    ScaleX: 128.45700073242188
    ScaleY: 100
    ScaleZ: 39.964950561523438
    RotationX: 0
    RotationY: -1.6589165925979614
    RotationZ: 0
    Flags: 0
    Type: 0
    OnBgGroup: 0
    OffBgGroup: 0
  - Shape: 0
    Option: 0
    PositionX: 940.4766845703125
    PositionY: -63.505039215087891
    PositionZ: -145.02619934082031
    ScaleX: 112.82279968261719
    ScaleY: 100
    ScaleZ: 39.964946746826172
    RotationX: 0
    RotationY: 0.25773188471794128
    RotationZ: 0
    Flags: 0
    Type: 0
    OnBgGroup: 0
    OffBgGroup: 0
  - Shape: 0
    Option: 0
    PositionX: 605.31817626953125
    PositionY: -77.755149841308594
    PositionZ: -516.19317626953125
    ScaleX: 111.75399780273438
    ScaleY: 100
    ScaleZ: 39.964946746826172
    RotationX: 0
    RotationY: -0.27607077360153198
    RotationZ: 0
    Flags: 0
    Type: 0
    OnBgGroup: 0
    OffBgGroup: 0
  WalkPath:
  - Serial: 54
    Flag: 1
    Id: 0
    Positions:
    - X: 855.50848388671875
      Y: 36.335758209228516
      Z: -15.819120407104492
    - X: 734.684814453125
      Y: 25.373430252075195
      Z: -18.284910202026367
    - X: 710.02691650390625
      Y: 22.4351806640625
      Z: -111.98494720458984
    - X: 790.55145263671875
      Y: 25.724269866943359
      Z: -311.55340576171875
    - X: 753.9761962890625
      Y: 27.541736602783203
      Z: -536.32562255859375
    - X: 523.27801513671875
      Y: 16.549760818481445
      Z: -476.34402465820312
    - X: 463.09719848632812
      Y: -0.29541999101638794
      Z: -265.6627197265625
    - X: 721.6278076171875
      Y: 24.856069564819336
      Z: -214.00172424316406
    - X: 1097.156005859375
      Y: 42.448787689208984
      Z: -131.71131896972656
    - X: 1252.500732421875
      Y: 40.576335906982422
      Z: -299.385009765625
    - X: 1151.4033203125
      Y: 37.079517364501953
      Z: -373.35873413085938
    - X: 912.22161865234375
      Y: 31.867263793945312
      Z: -402.94821166992188
    - X: 839.774169921875
      Y: 34.430492401123047
      Z: -755.00390625
    - X: 701.26641845703125
      Y: 31.283145904541016
      Z: -709.9888916015625
    - X: 749.8800048828125
      Y: 24.217489242553711
      Z: -280.79501342773438
  ReturnParameters:
  - Id: 0
    Type: 2
    Rate: 0
    EntryType: 1
    Argument04: 1069
    Argument08: 0
    Argument0c: 0
  - Id: 0
    Type: 0
    Rate: 0
    EntryType: 0
    Argument04: 0
    Argument08: 0
    Argument0c: 0
  - Id: 0
    Type: 0
    Rate: 0
    EntryType: 0
    Argument04: 0
    Argument08: 0
    Argument0c: 0
  - Id: 1
    Type: 0
    Rate: 20
    EntryType: 1
    Argument04: 1065
    Argument08: 0
    Argument0c: 0
  - Id: 1
    Type: 0
    Rate: 10
    EntryType: 0
    Argument04: 0
    Argument08: 0
    Argument0c: 0
  - Id: 1
    Type: 3
    Rate: 30
    EntryType: 0
    Argument04: 0
    Argument08: 0
    Argument0c: 0
  Signals: []
