- Type: 6
  Flag: 0
  Id: 160
  Teleport:
    Place: 0
    Door: 0
    World: 0
    Unknown: 0
  Unk20: 0
  Unk24: 0
  Entities:
  - ObjectId: 1069
    PositionX: 39.001548767089844
    PositionY: -7.3963680267333984
    PositionZ: -822.6029052734375
    RotationX: 0
    RotationY: -1.6068363189697266
    RotationZ: 0
    SpawnType: 0
    SpawnArgument: 0
    Serial: 17
    Argument1: 0
    Argument2: 2
    ReactionCommand: 576
    SpawnDelay: 0
    Command: 31
    SpawnRange: 0
    Level: 0
    Medal: 0
  EventActivators:
  - Shape: 0
    Option: 1
    PositionX: 220.09489440917969
    PositionY: -102.64643859863281
    PositionZ: -828.507080078125
    ScaleX: 107.40599822998047
    ScaleY: 100
    ScaleZ: 46.473049163818359
    RotationX: 0
    RotationY: -0.36651670932769775
    RotationZ: 0
    Flags: 0
    Type: 0
    OnBgGroup: 0
    OffBgGroup: 0
  - Shape: 0
    Option: 0
    PositionX: 763.7122802734375
    PositionY: -67.22247314453125
    PositionZ: -825.64892578125
    ScaleX: 138.01449584960938
    ScaleY: 100
    ScaleZ: 46.473030090332031
    RotationX: 0
    RotationY: -0.30127665400505066
    RotationZ: 0
    Flags: 0
    Type: 0
    OnBgGroup: 0
    OffBgGroup: 0
  - Shape: 0
    Option: 0
    PositionX: 151.70060729980469
    PositionY: -118.26499938964844
    PositionZ: -994.7169189453125
    ScaleX: 106.53820037841797
    ScaleY: 100
    ScaleZ: 46.473030090332031
    RotationX: 0
    RotationY: 0.39059263467788696
    RotationZ: 0
    Flags: 0
    Type: 0
    OnBgGroup: 0
    OffBgGroup: 0
  WalkPath:
  - Serial: 50
    Flag: 1
    Id: 0
    Positions:
    - X: 334.40750122070312
      Y: 6.6911110877990723
      Z: -854.373779296875
    - X: 111.22750091552734
      Y: -6.4886188507080078
      Z: -796.937744140625
    - X: 21.327699661254883
      Y: -7.9731588363647461
      Z: -841.961669921875
    - X: -16.238000869750977
      Y: -18.849689483642578
      Z: -958.61328125
    - X: 96.459197998046875
      Y: -29.051929473876953
      Z: -1021.8818969726562
    - X: 266.49374389648438
      Y: -3.5104489326477051
      Z: -944.77325439453125
    - X: 391.05389404296875
      Y: -3.8946990966796875
      Z: -980.36187744140625
    - X: 547.2484130859375
      Y: -11.312338829040527
      Z: -1045.607666015625
    - X: 709.37432861328125
      Y: 31.31682014465332
      Z: -936.86468505859375
    - X: 620.4027099609375
      Y: 28.743280410766602
      Z: -774.73876953125
    - X: 790.43731689453125
      Y: 30.629701614379883
      Z: -614.59002685546875
    - X: 980.24322509765625
      Y: 26.176631927490234
      Z: -660.06439208984375
    - X: 920.92889404296875
      Y: 25.946060180664062
      Z: -867.66461181640625
    - X: 567.019775390625
      Y: 25.358661651611328
      Z: -760.89874267578125
  ReturnParameters:
  - Id: 0
    Type: 2
    Rate: 0
    EntryType: 1
    Argument04: 1213
    Argument08: 0
    Argument0c: 0
  - Id: 0
    Type: 0
    Rate: 0
    EntryType: 0
    Argument04: 0
    Argument08: 0
    Argument0c: 0
  - Id: 0
    Type: 0
    Rate: 0
    EntryType: 0
    Argument04: 0
    Argument08: 0
    Argument0c: 0
  - Id: 1
    Type: 0
    Rate: 20
    EntryType: 1
    Argument04: 1065
    Argument08: 0
    Argument0c: 0
  - Id: 1
    Type: 0
    Rate: 10
    EntryType: 0
    Argument04: 0
    Argument08: 0
    Argument0c: 0
  - Id: 1
    Type: 3
    Rate: 30
    EntryType: 0
    Argument04: 0
    Argument08: 0
    Argument0c: 0
  Signals: []
