- Type: 6
  Flag: 0
  Id: 303
  Teleport:
    Place: 0
    Door: 0
    World: 0
    Unknown: 0
  Unk20: 0
  Unk24: 0
  Entities:
  - ObjectId: 1069
    PositionX: -949.4041748046875
    PositionY: 5.5124998092651367
    PositionZ: -181.08250427246094
    RotationX: 0
    RotationY: -1.6068363189697266
    RotationZ: 0
    SpawnType: 0
    SpawnArgument: 0
    Serial: 24
    Argument1: 0
    Argument2: 2
    ReactionCommand: 577
    SpawnDelay: 0
    Command: 31
    SpawnRange: 0
    Level: 0
    Medal: 0
  EventActivators:
  - Shape: 0
    Option: 1
    PositionX: -768.3109130859375
    PositionY: -100.24116516113281
    PositionZ: -186.98660278320312
    ScaleX: 107.40599822998047
    ScaleY: 100
    ScaleZ: 46.473049163818359
    RotationX: 0
    RotationY: -0.36651670932769775
    RotationZ: 0
    Flags: 0
    Type: 0
    OnBgGroup: 0
    OffBgGroup: 0
  - Shape: 0
    Option: 0
    PositionX: -424.96829223632812
    PositionY: -106.97332763671875
    PositionZ: -222.62789916992188
    ScaleX: 60.497749328613281
    ScaleY: 100
    ScaleZ: 46.473030090332031
    RotationX: 0
    RotationY: 0.97902584075927734
    RotationZ: 0
    Flags: 0
    Type: 0
    OnBgGroup: 0
    OffBgGroup: 0
  - Shape: 0
    Option: 0
    PositionX: -817.6920166015625
    PositionY: -107.29484558105469
    PositionZ: -372.2095947265625
    ScaleX: 106.53820037841797
    ScaleY: 100
    ScaleZ: 46.473030090332031
    RotationX: 0
    RotationY: 0.39059263467788696
    RotationZ: 0
    Flags: 0
    Type: 0
    OnBgGroup: 0
    OffBgGroup: 0
  WalkPath:
  - Serial: 57
    Flag: 1
    Id: 0
    Positions:
    - X: -637.2777099609375
      Y: -3.4883251190185547
      Z: -231.17469787597656
    - X: -860.45770263671875
      Y: 3.957103967666626
      Z: -173.73866271972656
    - X: -950.35748291015625
      Y: 4.3011651039123535
      Z: -218.76258850097656
    - X: -987.92327880859375
      Y: -2.852825403213501
      Z: -335.41421508789062
    - X: -875.22601318359375
      Y: -7.7115249633789062
      Z: -398.68280029296875
    - X: -705.19146728515625
      Y: -7.3548088073730469
      Z: -321.57418823242188
    - X: -580.63128662109375
      Y: -6.0779819488525391
      Z: -357.16281127929688
    - X: -506.84829711914062
      Y: -3.9850962162017822
      Z: -358.97860717773438
    - X: -460.05718994140625
      Y: -5.1887068748474121
      Z: -299.43185424804688
    - X: -397.7860107421875
      Y: -7.1676211357116699
      Z: -191.03396606445312
    - X: -287.86709594726562
      Y: -7.8810567855834961
      Z: -194.20817565917969
    - X: -261.56729125976562
      Y: -2.1365571022033691
      Z: -311.92742919921875
    - X: -402.470703125
      Y: -3.1995437145233154
      Z: -344.18450927734375
    - X: -518.44970703125
      Y: -3.360215425491333
      Z: -226.56373596191406
  ReturnParameters:
  - Id: 0
    Type: 2
    Rate: 0
    EntryType: 1
    Argument04: 1213
    Argument08: 0
    Argument0c: 0
  - Id: 0
    Type: 0
    Rate: 0
    EntryType: 0
    Argument04: 0
    Argument08: 0
    Argument0c: 0
  - Id: 0
    Type: 0
    Rate: 0
    EntryType: 0
    Argument04: 0
    Argument08: 0
    Argument0c: 0
  - Id: 1
    Type: 0
    Rate: 20
    EntryType: 1
    Argument04: 1065
    Argument08: 0
    Argument0c: 0
  - Id: 1
    Type: 0
    Rate: 10
    EntryType: 0
    Argument04: 0
    Argument08: 0
    Argument0c: 0
  - Id: 1
    Type: 3
    Rate: 30
    EntryType: 0
    Argument04: 0
    Argument08: 0
    Argument0c: 0
  Signals: []
