- Type: 6
  Flag: 0
  Id: 659
  Teleport:
    Place: 0
    Door: 0
    World: 0
    Unknown: 0
  Unk20: 0
  Unk24: 0
  Entities:
  - ObjectId: 1069
    PositionX: -668.1749267578125
    PositionY: -11.455719947814941
    PositionZ: -584.39898681640625
    RotationX: 0
    RotationY: -1.6068363189697266
    RotationZ: 0
    SpawnType: 0
    SpawnArgument: 0
    Serial: 42
    Argument1: 0
    Argument2: 2
    ReactionCommand: 1489
    SpawnDelay: 0
    Command: 31
    SpawnRange: 0
    Level: 0
    Medal: 0
  EventActivators:
  - Shape: 0
    Option: 1
    PositionX: -351.72109985351562
    PositionY: -102.80310821533203
    PositionZ: -296.63958740234375
    ScaleX: 107.40599822998047
    ScaleY: 100
    ScaleZ: 46.473049163818359
    RotationX: 0
    RotationY: -0.27478480339050293
    RotationZ: 0
    Flags: 0
    Type: 0
    OnBgGroup: 0
    OffBgGroup: 0
  - Shape: 0
    Option: 0
    PositionX: -63.440441131591797
    PositionY: -104.07768249511719
    PositionZ: -770.48187255859375
    ScaleX: 60.497749328613281
    ScaleY: 100
    ScaleZ: 46.473030090332031
    RotationX: 0
    RotationY: 0.97902584075927734
    RotationZ: 0
    Flags: 0
    Type: 0
    OnBgGroup: 0
    OffBgGroup: 0
  - Shape: 0
    Option: 0
    PositionX: -641.99798583984375
    PositionY: -112.28971099853516
    PositionZ: -789.2916259765625
    ScaleX: 106.53820037841797
    ScaleY: 100
    ScaleZ: 46.473030090332031
    RotationX: 0
    RotationY: 0.39059263467788696
    RotationZ: 0
    Flags: 0
    Type: 0
    OnBgGroup: 0
    OffBgGroup: 0
  WalkPath:
  - Serial: 58
    Flag: 1
    Id: 0
    Positions:
    - X: -421.5205078125
      Y: -6.9794540405273438
      Z: -738.853515625
    - X: -605.0601806640625
      Y: -10.111513137817383
      Z: -546.13677978515625
    - X: -786.30572509765625
      Y: -10.861813545227051
      Z: -587.4332275390625
    - X: -777.12872314453125
      Y: -11.034096717834473
      Z: -759.50164794921875
    - X: -669.299072265625
      Y: -12.371529579162598
      Z: -798.50384521484375
    - X: -572.9407958984375
      Y: -11.517801284790039
      Z: -750.32470703125
    - X: -533.9385986328125
      Y: -9.2545204162597656
      Z: -633.31817626953125
    - X: -481.1708984375
      Y: -3.8809680938720703
      Z: -305.24090576171875
    - X: -217.33259582519531
      Y: -2.4969120025634766
      Z: -378.65679931640625
    - X: -357.2816162109375
      Y: -13.084148406982422
      Z: -821.4464111328125
    - X: -279.27719116210938
      Y: -16.103652954101562
      Z: -897.156494140625
    - X: -176.03610229492188
      Y: -8.4293355941772461
      Z: -894.8623046875
    - X: -100.82360076904297
      Y: -4.3361020088195801
      Z: -849.580078125
    - X: -38.552398681640625
      Y: -4.2778410911560059
      Z: -741.1822509765625
    - X: 71.366500854492188
      Y: -5.2177681922912598
      Z: -744.35650634765625
    - X: 97.666297912597656
      Y: -8.8807830810546875
      Z: -862.07568359375
    - X: -43.237098693847656
      Y: -7.0209813117980957
      Z: -894.33282470703125
    - X: -196.68429565429688
      Y: -2.2920939922332764
      Z: -768.67877197265625
  ReturnParameters:
  - Id: 0
    Type: 2
    Rate: 0
    EntryType: 1
    Argument04: 1213
    Argument08: 0
    Argument0c: 0
  - Id: 0
    Type: 0
    Rate: 0
    EntryType: 0
    Argument04: 0
    Argument08: 0
    Argument0c: 0
  - Id: 0
    Type: 0
    Rate: 0
    EntryType: 0
    Argument04: 0
    Argument08: 0
    Argument0c: 0
  - Id: 1
    Type: 0
    Rate: 20
    EntryType: 1
    Argument04: 1065
    Argument08: 0
    Argument0c: 0
  - Id: 1
    Type: 0
    Rate: 10
    EntryType: 0
    Argument04: 0
    Argument08: 0
    Argument0c: 0
  - Id: 1
    Type: 3
    Rate: 30
    EntryType: 0
    Argument04: 0
    Argument08: 0
    Argument0c: 0
  Signals: []
