- Type: 1
  Flag: 0
  Id: 49
  Teleport:
    Place: 0
    Door: 0
    World: 0
    Unknown: 0
  Unk20: 0
  Unk24: 0
  Entities:
  - ObjectId: 822
    PositionX: 2165
    PositionY: 1.8745559453964233
    PositionZ: 400
    RotationX: 0
    RotationY: -0.87266463041305542
    RotationZ: 0
    SpawnType: 0
    SpawnArgument: 0
    Serial: 9
    Argument1: 0
    Argument2: 0
    ReactionCommand: 0
    SpawnDelay: 0
    Command: 0
    SpawnRange: 0
    Level: 0
    Medal: 0
  - ObjectId: 822
    PositionX: 415
    PositionY: -2.5152699947357178
    PositionZ: 485
    RotationX: 0
    RotationY: 1.0471975803375244
    RotationZ: 0
    SpawnType: 0
    SpawnArgument: 0
    Serial: 10
    Argument1: 1
    Argument2: 0
    ReactionCommand: 0
    SpawnDelay: 0
    Command: 0
    SpawnRange: 0
    Level: 0
    Medal: 0
  - ObjectId: 832
    PositionX: -600.79998779296875
    PositionY: -1.6184259653091431
    PositionZ: 304.20001220703125
    RotationX: 0
    RotationY: -0.087266460061073303
    RotationZ: 0
    SpawnType: 0
    SpawnArgument: 0
    Serial: 11
    Argument1: 100
    Argument2: 0
    ReactionCommand: 0
    SpawnDelay: 0
    Command: 0
    SpawnRange: 0
    Level: 0
    Medal: 0
  EventActivators: []
  WalkPath: []
  ReturnParameters: []
  Signals: []
