- Type: 2
  Flag: 0
  Id: 102
  Teleport:
    Place: 0
    Door: 0
    World: 0
    Unknown: 0
  Unk20: 0
  Unk24: 0
  Entities:
  - ObjectId: 1833
    PositionX: 624.66717529296875
    PositionY: 7.0413928031921387
    PositionZ: -1624.751953125
    RotationX: 0
    RotationY: 0
    RotationZ: 0
    SpawnType: 2
    SpawnArgument: 0
    Serial: 35
    Argument1: 0
    Argument2: 0
    ReactionCommand: 0
    SpawnDelay: 0
    Command: 0
    SpawnRange: 0
    Level: 0
    Medal: 0
  - ObjectId: 1833
    PositionX: 1024.6669921875
    PositionY: 1.0972980260848999
    PositionZ: -1624.751953125
    RotationX: 0
    RotationY: 0
    RotationZ: 0
    SpawnType: 2
    SpawnArgument: 0
    Serial: 36
    Argument1: 0
    Argument2: 0
    ReactionCommand: 0
    SpawnDelay: 0
    Command: 0
    SpawnRange: 0
    Level: 0
    Medal: 0
  - ObjectId: 1777
    PositionX: 824.66717529296875
    PositionY: 4.1533222198486328
    PositionZ: -1374.751953125
    RotationX: 0
    RotationY: 0
    RotationZ: 0
    SpawnType: 2
    SpawnArgument: 0
    Serial: 133
    Argument1: 0
    Argument2: 0
    ReactionCommand: 0
    SpawnDelay: 0
    Command: 0
    SpawnRange: 0
    Level: 0
    Medal: 0
  - ObjectId: 1833
    PositionX: 824.66717529296875
    PositionY: 4.1533222198486328
    PositionZ: -1074.751953125
    RotationX: 0
    RotationY: 0
    RotationZ: 0
    SpawnType: 2
    SpawnArgument: 0
    Serial: 37
    Argument1: 0
    Argument2: 0
    ReactionCommand: 0
    SpawnDelay: 25
    Command: 0
    SpawnRange: 0
    Level: 0
    Medal: 0
  EventActivators:
  - Shape: 1
    Option: 0
    PositionX: 797.86529541015625
    PositionY: -79.465789794921875
    PositionZ: -1470.52294921875
    ScaleX: 605.7919921875
    ScaleY: 100
    ScaleZ: 608.7550048828125
    RotationX: 0
    RotationY: -0.023663941770792007
    RotationZ: 0
    Flags: 0
    Type: 0
    OnBgGroup: 0
    OffBgGroup: 0
  WalkPath: []
  ReturnParameters: []
  Signals: []
- Type: 2
  Flag: 0
  Id: 104
  Teleport:
    Place: 0
    Door: 0
    World: 0
    Unknown: 0
  Unk20: 0
  Unk24: 0
  Entities:
  - ObjectId: 1777
    PositionX: -483.722900390625
    PositionY: -35.468631744384766
    PositionZ: 363.86700439453125
    RotationX: 0
    RotationY: 0
    RotationZ: 0
    SpawnType: 2
    SpawnArgument: 0
    Serial: 131
    Argument1: 0
    Argument2: 0
    ReactionCommand: 0
    SpawnDelay: 0
    Command: 0
    SpawnRange: 0
    Level: 0
    Medal: 0
  - ObjectId: 1777
    PositionX: 16.277099609375
    PositionY: -66.72161865234375
    PositionZ: 363.86691284179688
    RotationX: 0
    RotationY: 0
    RotationZ: 0
    SpawnType: 2
    SpawnArgument: 0
    Serial: 132
    Argument1: 0
    Argument2: 0
    ReactionCommand: 0
    SpawnDelay: 0
    Command: 0
    SpawnRange: 0
    Level: 0
    Medal: 0
  - ObjectId: 1833
    PositionX: -233.722900390625
    PositionY: -60.415298461914062
    PositionZ: 513.86688232421875
    RotationX: 0
    RotationY: 0
    RotationZ: 0
    SpawnType: 2
    SpawnArgument: 0
    Serial: 135
    Argument1: 0
    Argument2: 0
    ReactionCommand: 0
    SpawnDelay: 15
    Command: 0
    SpawnRange: 0
    Level: 0
    Medal: 0
  EventActivators:
  - Shape: 0
    Option: 0
    PositionX: -145.12550354003906
    PositionY: -148.91639709472656
    PositionZ: 376.5745849609375
    ScaleX: 589.40997314453125
    ScaleY: 183.83250427246094
    ScaleZ: 516.4840087890625
    RotationX: 0
    RotationY: -0.025003936141729355
    RotationZ: 0
    Flags: 0
    Type: 0
    OnBgGroup: 0
    OffBgGroup: 0
  WalkPath: []
  ReturnParameters: []
  Signals: []
