- Type: 6
  Flag: 0
  Id: 443
  Teleport:
    Place: 0
    Door: 0
    World: 0
    Unknown: 0
  Unk20: 0
  Unk24: 0
  Entities:
  - ObjectId: 1025
    PositionX: 443.55178833007812
    PositionY: -2.6590969355311245E-05
    PositionZ: 310.26568603515625
    RotationX: 0
    RotationY: 0
    RotationZ: 0
    SpawnType: 0
    SpawnArgument: 0
    Serial: 146
    Argument1: 0
    Argument2: 0
    ReactionCommand: 720
    SpawnDelay: 0
    Command: 31
    SpawnRange: 0
    Level: 0
    Medal: 0
  EventActivators:
  - Shape: 0
    Option: 0
    PositionX: 257.91510009765625
    PositionY: -100.00033569335938
    PositionZ: 251.99800109863281
    ScaleX: 84.804550170898438
    ScaleY: 100
    ScaleZ: 32.379928588867188
    RotationX: 0
    RotationY: 0.74774110317230225
    RotationZ: 0
    Flags: 0
    Type: 0
    OnBgGroup: 0
    OffBgGroup: 0
  - Shape: 0
    Option: 0
    PositionX: 531.6793212890625
    PositionY: -100.00033569335938
    PositionZ: 157.92779541015625
    ScaleX: 74.541152954101562
    ScaleY: 100
    ScaleZ: 32.379928588867188
    RotationX: 0
    RotationY: 1.3600937128067017
    RotationZ: 0
    Flags: 0
    Type: 0
    OnBgGroup: 0
    OffBgGroup: 0
  - Shape: 0
    Option: 0
    PositionX: 27.7476806640625
    PositionY: -100.00033569335938
    PositionZ: 92.816062927246094
    ScaleX: 85.971099853515625
    ScaleY: 100
    ScaleZ: 32.379928588867188
    RotationX: 0
    RotationY: 1.1687681674957275
    RotationZ: 0
    Flags: 0
    Type: 0
    OnBgGroup: 0
    OffBgGroup: 0
  - Shape: 0
    Option: 1
    PositionX: 246.12939453125
    PositionY: -100.00033569335938
    PositionZ: 40.097259521484375
    ScaleX: 60.645000457763672
    ScaleY: 100
    ScaleZ: 32.379951477050781
    RotationX: 0
    RotationY: 0.81996631622314453
    RotationZ: 0
    Flags: 0
    Type: 0
    OnBgGroup: 0
    OffBgGroup: 0
  WalkPath:
  - Serial: 147
    Flag: 1
    Id: 0
    Positions:
    - X: 393.07571411132812
      Y: -1.9582879758672789E-05
      Z: 319.48568725585938
    - X: 321.35073852539062
      Y: -10.000020027160645
      Z: 315.26657104492188
    - X: 274.94049072265625
      Y: -10.000020027160645
      Z: 256.19900512695312
    - X: 173.68170166015625
      Y: -10.000020027160645
      Z: 195.02180480957031
    - X: 70.313400268554688
      Y: -10.000020027160645
      Z: 203.46000671386719
    - X: 34.450901031494141
      Y: -10
      Z: 76.8865966796875
    - X: -16.178499221801758
      Y: -10.000004768371582
      Z: -15.933899879455566
    - X: 101.95680236816406
      Y: -10.000003814697266
      Z: -11.714799880981445
    - X: 203.21549987792969
      Y: -10.000029563903809
      Z: 150.72109985351562
    - X: 327.679443359375
      Y: -10
      Z: 93.76300048828125
    - X: 503.95111083984375
      Y: -10.000029563903809
      Z: 98.488899230957031
    - X: 534.78912353515625
      Y: -10.000018119812012
      Z: 228.00856018066406
    - X: 338.22723388671875
      Y: -10.000020027160645
      Z: 235.10340881347656
    - X: 95.628097534179688
      Y: -9.9999990463256836
      Z: 108.52999877929688
    - X: 235.66029357910156
      Y: -10.000002861022949
      Z: 21.393800735473633
  ReturnParameters:
  - Id: 0
    Type: 8
    Rate: 0
    EntryType: 1
    Argument04: 996
    Argument08: 0
    Argument0c: 0
  - Id: 1
    Type: 0
    Rate: 10
    EntryType: 0
    Argument04: 0
    Argument08: 0
    Argument0c: 0
  - Id: 1
    Type: 4
    Rate: 20
    EntryType: 0
    Argument04: 0
    Argument08: 0
    Argument0c: 0
  - Id: 1
    Type: 3
    Rate: 30
    EntryType: 0
    Argument04: 0
    Argument08: 0
    Argument0c: 0
  Signals: []
