- Type: 6
  Flag: 0
  Id: 596
  Teleport:
    Place: 0
    Door: 0
    World: 0
    Unknown: 0
  Unk20: 0
  Unk24: 0
  Entities:
  - ObjectId: 1025
    PositionX: -177.05830383300781
    PositionY: -4.8939700718619861E-06
    PositionZ: 325.4464111328125
    RotationX: 0
    RotationY: 0
    RotationZ: 0
    SpawnType: 0
    SpawnArgument: 0
    Serial: 158
    Argument1: 0
    Argument2: 0
    ReactionCommand: 729
    SpawnDelay: 0
    Command: 31
    SpawnRange: 0
    Level: 0
    Medal: 0
  EventActivators:
  - Shape: 0
    Option: 0
    PositionX: -504.62948608398438
    PositionY: -100.00035095214844
    PositionZ: -6.386542797088623
    ScaleX: 72.052902221679688
    ScaleY: 100
    ScaleZ: 52.009750366210938
    RotationX: 0
    RotationY: -0.57368236780166626
    RotationZ: 0
    Flags: 0
    Type: 0
    OnBgGroup: 0
    OffBgGroup: 0
  - Shape: 0
    Option: 1
    PositionX: -417.44680786132812
    PositionY: -100.00033569335938
    PositionZ: 329.78671264648438
    ScaleX: 120.73699951171875
    ScaleY: 100
    ScaleZ: 37.149799346923828
    RotationX: 0
    RotationY: -0.27741938829421997
    RotationZ: 0
    Flags: 0
    Type: 0
    OnBgGroup: 0
    OffBgGroup: 0
  - Shape: 0
    Option: 0
    PositionX: -124.73349761962891
    PositionY: -100.00033569335938
    PositionZ: 168.82769775390625
    ScaleX: 95.1407470703125
    ScaleY: 100
    ScaleZ: 37.149803161621094
    RotationX: 0
    RotationY: 0.85390597581863403
    RotationZ: 0
    Flags: 0
    Type: 0
    OnBgGroup: 0
    OffBgGroup: 0
  WalkPath:
  - Serial: 159
    Flag: 1
    Id: 0
    Positions:
    - X: -291.38259887695312
      Y: 4.2177430259471294E-06
      Z: 287.44940185546875
    - X: -452.1776123046875
      Y: -10.000025749206543
      Z: 329.03506469726562
    - X: -559.66607666015625
      Y: -10.000025749206543
      Z: 366.25146484375
    - X: -609.57989501953125
      Y: -9.9999961853027344
      Z: 269.47744750976562
    - X: -541.51409912109375
      Y: -10.000005722045898
      Z: 141.85389709472656
    - X: -571.29290771484375
      Y: -10.000005722045898
      Z: 31.24690055847168
    - X: -435.16110229492188
      Y: -10.000016212463379
      Z: -49.581298828125
    - X: -396.87411499023438
      Y: -10.000005722045898
      Z: 116.32920074462891
    - X: -307.53759765625
      Y: -10.000005722045898
      Z: 175.88690185546875
    - X: -205.43879699707031
      Y: -10.000005722045898
      Z: 120.58329772949219
    - X: -73.378799438476562
      Y: -9.9999961853027344
      Z: 220.37130737304688
    - X: -148.84170532226562
      Y: -10.000025749206543
      Z: 323.08462524414062
    - X: -429.731201171875
      Y: -9.9999961853027344
      Z: 276.96844482421875
    - X: -467.46258544921875
      Y: -10.000005722045898
      Z: 161.67799377441406
    - X: -333.30642700195312
      Y: -10.000005722045898
      Z: 115.56179809570312
  ReturnParameters:
  - Id: 0
    Type: 8
    Rate: 0
    EntryType: 1
    Argument04: 996
    Argument08: 0
    Argument0c: 0
  - Id: 0
    Type: 0
    Rate: 0
    EntryType: 0
    Argument04: 0
    Argument08: 0
    Argument0c: 0
  - Id: 0
    Type: 0
    Rate: 0
    EntryType: 0
    Argument04: 0
    Argument08: 0
    Argument0c: 0
  - Id: 1
    Type: 0
    Rate: 10
    EntryType: 0
    Argument04: 0
    Argument08: 0
    Argument0c: 0
  - Id: 1
    Type: 4
    Rate: 20
    EntryType: 0
    Argument04: 0
    Argument08: 0
    Argument0c: 0
  - Id: 1
    Type: 3
    Rate: 30
    EntryType: 0
    Argument04: 0
    Argument08: 0
    Argument0c: 0
  Signals: []
