- Type: 6
  Flag: 0
  Id: 728
  Teleport:
    Place: 0
    Door: 0
    World: 0
    Unknown: 0
  Unk20: 0
  Unk24: 0
  Entities:
  - ObjectId: 996
    PositionX: -484.34359741210938
    PositionY: -5.3387830121209845E-06
    PositionZ: 11.026470184326172
    RotationX: 0
    RotationY: 0
    RotationZ: 0
    SpawnType: 0
    SpawnArgument: 0
    Serial: 170
    Argument1: 0
    Argument2: 0
    ReactionCommand: 749
    SpawnDelay: 0
    Command: 31
    SpawnRange: 0
    Level: 0
    Medal: 0
  EventActivators:
  - Shape: 0
    Option: 1
    PositionX: -346.46841430664062
    PositionY: -100.00003051757812
    PositionZ: 321.21121215820312
    ScaleX: 73.667503356933594
    ScaleY: 100
    ScaleZ: 37.770450592041016
    RotationX: 0
    RotationY: 2.7395315170288086
    RotationZ: 0
    Flags: 0
    Type: 0
    OnBgGroup: 0
    OffBgGroup: 0
  - Shape: 0
    Option: 1
    PositionX: -316.62359619140625
    PositionY: -100.00002288818359
    PositionZ: -135.42539978027344
    ScaleX: 92.242996215820312
    ScaleY: 100
    ScaleZ: 37.770450592041016
    RotationX: 0
    RotationY: 3.0583353042602539
    RotationZ: 0
    Flags: 0
    Type: 0
    OnBgGroup: 0
    OffBgGroup: 0
  - Shape: 0
    Option: 2
    PositionX: -278.1597900390625
    PositionY: -100.00001525878906
    PositionZ: 67.015350341796875
    ScaleX: 92.242996215820312
    ScaleY: 100
    ScaleZ: 37.770450592041016
    RotationX: 0
    RotationY: 2.1081221103668213
    RotationZ: 0
    Flags: 0
    Type: 0
    OnBgGroup: 0
    OffBgGroup: 0
  - Shape: 0
    Option: 2
    PositionX: -440.20028686523438
    PositionY: -100.00000762939453
    PositionZ: 79.112632751464844
    ScaleX: 61.141799926757812
    ScaleY: 100
    ScaleZ: 37.770450592041016
    RotationX: 0
    RotationY: 2.3604199886322021
    RotationZ: 0
    Flags: 0
    Type: 0
    OnBgGroup: 0
    OffBgGroup: 0
  WalkPath:
  - Serial: 171
    Flag: 1
    Id: 0
    Positions:
    - X: -423.32980346679688
      Y: -4.1862140278681181E-06
      Z: 228.93299865722656
    - X: -479.90386962890625
      Y: 1.4155895769363269E-05
      Z: 126.76699829101562
    - X: -399.444091796875
      Y: 9.7423862825962715E-06
      Z: 25.797800064086914
    - X: -429.14065551757812
      Y: 3.7627210076607298E-06
      Z: -111.0010986328125
    - X: -199.61250305175781
      Y: 3.0007179248059401E-06
      Z: -128.43370056152344
    - X: -301.30218505859375
      Y: 1.455771598557476E-05
      Z: 135.95954895019531
    - X: -283.86959838867188
      Y: 2.0780706108780578E-05
      Z: 278.32513427734375
    - X: -418.37579345703125
      Y: 2.3534585125162266E-05
      Z: 341.32650756835938
  ReturnParameters:
  - Id: 0
    Type: 0
    Rate: 0
    EntryType: 0
    Argument04: 0
    Argument08: 0
    Argument0c: 0
  - Id: 0
    Type: 0
    Rate: 0
    EntryType: 0
    Argument04: 0
    Argument08: 0
    Argument0c: 0
  - Id: 0
    Type: 0
    Rate: 0
    EntryType: 0
    Argument04: 0
    Argument08: 0
    Argument0c: 0
  - Id: 1
    Type: 0
    Rate: 40
    EntryType: 0
    Argument04: 0
    Argument08: 0
    Argument0c: 0
  - Id: 1
    Type: 3
    Rate: 50
    EntryType: 0
    Argument04: 0
    Argument08: 0
    Argument0c: 0
  - Id: 1
    Type: 0
    Rate: 40
    EntryType: 2
    Argument04: 0
    Argument08: 0
    Argument0c: 0
  - Id: 2
    Type: 0
    Rate: 20
    EntryType: 0
    Argument04: 0
    Argument08: 0
    Argument0c: 0
  - Id: 2
    Type: 3
    Rate: 50
    EntryType: 0
    Argument04: 0
    Argument08: 0
    Argument0c: 0
  - Id: 2
    Type: 0
    Rate: 20
    EntryType: 2
    Argument04: 0
    Argument08: 0
    Argument0c: 0
  Signals: []
