- Type: 6
  Flag: 0
  Id: 750
  Teleport:
    Place: 0
    Door: 0
    World: 0
    Unknown: 0
  Unk20: 0
  Unk24: 0
  Entities:
  - ObjectId: 1026
    PositionX: 446.347900390625
    PositionY: -5.4991642173263244E-06
    PositionZ: 7.357384204864502
    RotationX: 0
    RotationY: 0
    RotationZ: 0
    SpawnType: 0
    SpawnArgument: 0
    Serial: 172
    Argument1: 0
    Argument2: 0
    ReactionCommand: 750
    SpawnDelay: 0
    Command: 31
    SpawnRange: 0
    Level: 0
    Medal: 0
  EventActivators:
  - Shape: 0
    Option: 1
    PositionX: 345.33108520507812
    PositionY: -100.00002288818359
    PositionZ: -190.73519897460938
    ScaleX: 55.168598175048828
    ScaleY: 100
    ScaleZ: 40.739498138427734
    RotationX: 0
    RotationY: 0.18361282348632812
    RotationZ: 0
    Flags: 0
    Type: 0
    OnBgGroup: 0
    OffBgGroup: 0
  - Shape: 0
    Option: 1
    PositionX: 525.3140869140625
    PositionY: -100.00000762939453
    PositionZ: 82.502540588378906
    ScaleX: 63.957500457763672
    ScaleY: 100
    ScaleZ: 31.58180046081543
    RotationX: 0
    RotationY: 1.9113310575485229
    RotationZ: 0
    Flags: 0
    Type: 0
    OnBgGroup: 0
    OffBgGroup: 0
  - Shape: 0
    Option: 2
    PositionX: 331.37820434570312
    PositionY: -100.00001525878906
    PositionZ: 7.1302227973937988
    ScaleX: 69.039497375488281
    ScaleY: 100
    ScaleZ: 25.290149688720703
    RotationX: 0
    RotationY: 0.57013726234436035
    RotationZ: 0
    Flags: 0
    Type: 0
    OnBgGroup: 0
    OffBgGroup: 0
  - Shape: 0
    Option: 2
    PositionX: 443.5111083984375
    PositionY: -100.00001525878906
    PositionZ: -32.562019348144531
    ScaleX: 51.438148498535156
    ScaleY: 100
    ScaleZ: 25.290149688720703
    RotationX: 0
    RotationY: 0.39569181203842163
    RotationZ: 0
    Flags: 0
    Type: 0
    OnBgGroup: 0
    OffBgGroup: 0
  WalkPath:
  - Serial: 173
    Flag: 1
    Id: 0
    Positions:
    - X: 310.55389404296875
      Y: -5.8829359659284819E-06
      Z: -1.4222960472106934
    - X: 253.03927612304688
      Y: 6.9812840592931025E-06
      Z: -37.368915557861328
    - X: 277.00369262695312
      Y: 3.9434871723642573E-06
      Z: -106.86569976806641
    - X: 262.62506103515625
      Y: 1.7242099659142696E-07
      Z: -193.13758850097656
    - X: 415.997314453125
      Y: 1.2199379852972925E-06
      Z: -169.17320251464844
    - X: 399.22219848632812
      Y: 6.0385241340554785E-06
      Z: -58.936897277832031
    - X: 528.85858154296875
      Y: 8.8447341113351285E-06
      Z: 5.2617077827453613
    - X: 520.3394775390625
      Y: 1.3173704246582929E-05
      Z: 104.29710388183594
    - X: 444.75460815429688
      Y: 1.4837673916190397E-05
      Z: 142.36419677734375
    - X: 368.0684814453125
      Y: 9.9143344414187595E-06
      Z: 29.731433868408203
  ReturnParameters:
  - Id: 0
    Type: 0
    Rate: 0
    EntryType: 0
    Argument04: 0
    Argument08: 0
    Argument0c: 0
  - Id: 0
    Type: 0
    Rate: 0
    EntryType: 0
    Argument04: 0
    Argument08: 0
    Argument0c: 0
  - Id: 0
    Type: 0
    Rate: 0
    EntryType: 0
    Argument04: 0
    Argument08: 0
    Argument0c: 0
  - Id: 1
    Type: 0
    Rate: 20
    EntryType: 0
    Argument04: 0
    Argument08: 0
    Argument0c: 0
  - Id: 1
    Type: 3
    Rate: 50
    EntryType: 0
    Argument04: 0
    Argument08: 0
    Argument0c: 0
  - Id: 1
    Type: 0
    Rate: 30
    EntryType: 2
    Argument04: 0
    Argument08: 0
    Argument0c: 0
  - Id: 1
    Type: 0
    Rate: 40
    EntryType: 1
    Argument04: 1024
    Argument08: 0
    Argument0c: 0
  - Id: 2
    Type: 3
    Rate: 50
    EntryType: 0
    Argument04: 0
    Argument08: 0
    Argument0c: 0
  - Id: 2
    Type: 0
    Rate: 40
    EntryType: 1
    Argument04: 1024
    Argument08: 0
    Argument0c: 0
  Signals: []
