- Type: 2
  Flag: 0
  Id: 101
  Teleport:
    Place: 0
    Door: 0
    World: 0
    Unknown: 0
  Unk20: 0
  Unk24: 0
  Entities:
  - ObjectId: 120
    PositionX: 1231.0340576171875
    PositionY: -1504.9990234375
    PositionZ: -1406.06494140625
    RotationX: 0
    RotationY: 1.2471922636032104
    RotationZ: 0
    SpawnType: 2
    SpawnArgument: 0
    Serial: 20
    Argument1: 0
    Argument2: 0
    ReactionCommand: 0
    SpawnDelay: 8
    Command: 0
    SpawnRange: 0
    Level: 0
    Medal: 0
  - ObjectId: 120
    PositionX: 1119.739013671875
    PositionY: -1484.9990234375
    PositionZ: -1737.8990478515625
    RotationX: 0
    RotationY: 1.2471922636032104
    RotationZ: 0
    SpawnType: 2
    SpawnArgument: 0
    Serial: 23
    Argument1: 0
    Argument2: 0
    ReactionCommand: 0
    SpawnDelay: 8
    Command: 0
    SpawnRange: 0
    Level: 0
    Medal: 0
  - ObjectId: 73
    PositionX: 1088.5260009765625
    PositionY: -1734.9990234375
    PositionZ: -1516.48095703125
    RotationX: 0
    RotationY: 1.2471922636032104
    RotationZ: 0
    SpawnType: 2
    SpawnArgument: 0
    Serial: 24
    Argument1: 0
    Argument2: 0
    ReactionCommand: 0
    SpawnDelay: 8
    Command: 0
    SpawnRange: 0
    Level: 0
    Medal: 0
  EventActivators:
  - Shape: 0
    Option: 0
    PositionX: 1017.1530151367188
    PositionY: -1742.6634521484375
    PositionZ: -1366.85595703125
    ScaleX: 188.91224670410156
    ScaleY: 215.83149719238281
    ScaleZ: 365.25808715820312
    RotationX: 0
    RotationY: -0.93650996685028076
    RotationZ: 0
    Flags: 0
    Type: 0
    OnBgGroup: 0
    OffBgGroup: 0
  - Shape: 0
    Option: 0
    PositionX: 1229.0400390625
    PositionY: -1564.1884765625
    PositionZ: -1607.906982421875
    ScaleX: 390.76168823242188
    ScaleY: 215.83149719238281
    ScaleZ: 346.71029663085938
    RotationX: 0
    RotationY: -0.044754169881343842
    RotationZ: 0
    Flags: 0
    Type: 0
    OnBgGroup: 0
    OffBgGroup: 0
  WalkPath: []
  ReturnParameters: []
  Signals: []
- Type: 2
  Flag: 0
  Id: 102
  Teleport:
    Place: 0
    Door: 0
    World: 0
    Unknown: 0
  Unk20: 0
  Unk24: 0
  Entities:
  - ObjectId: 73
    PositionX: 1852.91796875
    PositionY: -704.9993896484375
    PositionZ: 305.69891357421875
    RotationX: 0
    RotationY: -1.7643097639083862
    RotationZ: 0
    SpawnType: 2
    SpawnArgument: 0
    Serial: 25
    Argument1: 0
    Argument2: 0
    ReactionCommand: 0
    SpawnDelay: 0
    Command: 0
    SpawnRange: 0
    Level: 0
    Medal: 0
  EventActivators:
  - Shape: 0
    Option: 0
    PositionX: 1770.5579833984375
    PositionY: -824.1060791015625
    PositionZ: 286.50979614257812
    ScaleX: 211.99969482421875
    ScaleY: 230.71650695800781
    ScaleZ: 380.17019653320312
    RotationX: 0
    RotationY: -0.16520199179649353
    RotationZ: 0
    Flags: 0
    Type: 0
    OnBgGroup: 0
    OffBgGroup: 0
  - Shape: 0
    Option: 0
    PositionX: 1972.4310302734375
    PositionY: -824.1060791015625
    PositionZ: 246.22200012207031
    ScaleX: 211.99969482421875
    ScaleY: 230.71650695800781
    ScaleZ: 380.17019653320312
    RotationX: 0
    RotationY: -0.47639685869216919
    RotationZ: 0
    Flags: 0
    Type: 0
    OnBgGroup: 0
    OffBgGroup: 0
  WalkPath: []
  ReturnParameters: []
  Signals: []
