- Type: 2
  Flag: 0
  Id: 30
  Teleport:
    Place: 0
    Door: 0
    World: 0
    Unknown: 0
  Unk20: 983040
  Unk24: 0
  Entities:
  - ObjectId: 1831
    PositionX: -618.986328125
    PositionY: -8.5500221252441406
    PositionZ: 7.2478938102722168
    RotationX: 0
    RotationY: 0
    RotationZ: 0
    SpawnType: 2
    SpawnArgument: 0
    Serial: 14
    Argument1: 0
    Argument2: 0
    ReactionCommand: 0
    SpawnDelay: 15
    Command: 0
    SpawnRange: 0
    Level: 0
    Medal: 0
  - ObjectId: 1831
    PositionX: -68.986297607421875
    PositionY: -8.5500221252441406
    PositionZ: 657.2479248046875
    RotationX: 0
    RotationY: 0
    RotationZ: 0
    SpawnType: 2
    SpawnArgument: 0
    Serial: 17
    Argument1: 0
    Argument2: 0
    ReactionCommand: 0
    SpawnDelay: 15
    Command: 0
    SpawnRange: 0
    Level: 0
    Medal: 0
  - ObjectId: 1831
    PositionX: 381.01370239257812
    PositionY: -8.5500221252441406
    PositionZ: -142.75210571289062
    RotationX: 0
    RotationY: 0
    RotationZ: 0
    SpawnType: 2
    SpawnArgument: 0
    Serial: 22
    Argument1: 0
    Argument2: 0
    ReactionCommand: 0
    SpawnDelay: 15
    Command: 0
    SpawnRange: 0
    Level: 0
    Medal: 0
  - ObjectId: 1828
    PositionX: -418.98629760742188
    PositionY: -408.54998779296875
    PositionZ: 407.24789428710938
    RotationX: 0
    RotationY: 0
    RotationZ: 0
    SpawnType: 2
    SpawnArgument: 0
    Serial: 15
    Argument1: 0
    Argument2: 0
    ReactionCommand: 0
    SpawnDelay: 0
    Command: 0
    SpawnRange: 0
    Level: 1
    Medal: 0
  - ObjectId: 1828
    PositionX: 81.013702392578125
    PositionY: -408.54998779296875
    PositionZ: 307.24789428710938
    RotationX: 0
    RotationY: 0
    RotationZ: 0
    SpawnType: 2
    SpawnArgument: 0
    Serial: 16
    Argument1: 0
    Argument2: 0
    ReactionCommand: 0
    SpawnDelay: 0
    Command: 0
    SpawnRange: 0
    Level: 1
    Medal: 0
  - ObjectId: 1828
    PositionX: -168.98629760742188
    PositionY: -408.54998779296875
    PositionZ: -42.752109527587891
    RotationX: 0
    RotationY: 0
    RotationZ: 0
    SpawnType: 2
    SpawnArgument: 0
    Serial: 18
    Argument1: 0
    Argument2: 0
    ReactionCommand: 0
    SpawnDelay: 0
    Command: 0
    SpawnRange: 0
    Level: 1
    Medal: 0
  EventActivators:
  - Shape: 0
    Option: 0
    PositionX: 5.4547119140625
    PositionY: -125
    PositionZ: 166.19859313964844
    ScaleX: 1173.26904296875
    ScaleY: 175
    ScaleZ: 902.33447265625
    RotationX: 0
    RotationY: -0.033721715211868286
    RotationZ: 0
    Flags: 0
    Type: 0
    OnBgGroup: 0
    OffBgGroup: 0
  WalkPath: []
  ReturnParameters: []
  Signals: []
