- Type: 2
  Flag: 0
  Id: 46
  Teleport:
    Place: 0
    Door: 0
    World: 20
    Unknown: 0
  Unk20: 0
  Unk24: 0
  Entities:
  - ObjectId: 367
    PositionX: 541.74249267578125
    PositionY: -0.00036823799018748105
    PositionZ: -304.87298583984375
    RotationX: 0
    RotationY: -3.1415927410125732
    RotationZ: 0
    SpawnType: 0
    SpawnArgument: 0
    Serial: 29
    Argument1: 0
    Argument2: 0
    ReactionCommand: 0
    SpawnDelay: 0
    Command: 0
    SpawnRange: 0
    Level: 0
    Medal: 0
  - ObjectId: 367
    PositionX: -358.25750732421875
    PositionY: -0.00036823799018748105
    PositionZ: -354.87298583984375
    RotationX: 0
    RotationY: -3.1415927410125732
    RotationZ: 0
    SpawnType: 0
    SpawnArgument: 0
    Serial: 32
    Argument1: 0
    Argument2: 0
    ReactionCommand: 0
    SpawnDelay: 0
    Command: 0
    SpawnRange: 0
    Level: 0
    Medal: 0
  - ObjectId: 368
    PositionX: -108.25749969482422
    PositionY: -0.00036823799018748105
    PositionZ: -54.873008728027344
    RotationX: 0
    RotationY: -3.1415927410125732
    RotationZ: 0
    SpawnType: 0
    SpawnArgument: 0
    Serial: 33
    Argument1: 0
    Argument2: 0
    ReactionCommand: 0
    SpawnDelay: 0
    Command: 0
    SpawnRange: 0
    Level: 0
    Medal: 0
  - ObjectId: 368
    PositionX: 91.742538452148438
    PositionY: -0.00036823799018748105
    PositionZ: -654.87298583984375
    RotationX: 0
    RotationY: -3.1415927410125732
    RotationZ: 0
    SpawnType: 0
    SpawnArgument: 0
    Serial: 34
    Argument1: 0
    Argument2: 0
    ReactionCommand: 0
    SpawnDelay: 0
    Command: 0
    SpawnRange: 0
    Level: 0
    Medal: 0
  - ObjectId: 367
    PositionX: 191.74249267578125
    PositionY: -0.00036823799018748105
    PositionZ: -104.87300109863281
    RotationX: 0
    RotationY: -3.1415927410125732
    RotationZ: 0
    SpawnType: 0
    SpawnArgument: 0
    Serial: 30
    Argument1: 0
    Argument2: 0
    ReactionCommand: 0
    SpawnDelay: 0
    Command: 0
    SpawnRange: 0
    Level: 0
    Medal: 0
  EventActivators: []
  WalkPath: []
  ReturnParameters: []
  Signals: []
