- Type: 6
  Flag: 0
  Id: 120
  Teleport:
    Place: 0
    Door: 0
    World: 0
    Unknown: 0
  Unk20: 0
  Unk24: 0
  Entities:
  - ObjectId: 1024
    PositionX: -652.03271484375
    PositionY: -229.80419921875
    PositionZ: 198.20899963378906
    RotationX: 0
    RotationY: 0.4573078453540802
    RotationZ: 0
    SpawnType: 0
    SpawnArgument: 0
    Serial: 81
    Argument1: 0
    Argument2: 0
    ReactionCommand: 173
    SpawnDelay: 0
    Command: 31
    SpawnRange: 0
    Level: 0
    Medal: 0
  EventActivators:
  - Shape: 0
    Option: 1
    PositionX: -637.405029296875
    PositionY: -329.80410766601562
    PositionZ: 236.11959838867188
    ScaleX: 20.03700065612793
    ScaleY: 100
    ScaleZ: 56.793498992919922
    RotationX: 0
    RotationY: -1.9572489261627197
    RotationZ: 0
    Flags: 0
    Type: 0
    OnBgGroup: 0
    OffBgGroup: 0
  WalkPath:
  - Serial: 107
    Flag: 1
    Id: 0
    Positions:
    - X: -620.92822265625
      Y: -229.80419921875
      Z: 277.9281005859375
    - X: -654.08740234375
      Y: -229.80421447753906
      Z: 190.22772216796875
  ReturnParameters:
  - Id: 1
    Type: 4
    Rate: 20
    EntryType: 2
    Argument04: 0
    Argument08: 0
    Argument0c: 0
  Signals: []
