- Type: 1
  Flag: 0
  Id: 31
  Teleport:
    Place: 4
    Door: 2
    World: 2
    Unknown: 0
  Unk20: 0
  Unk24: 0
  Entities: []
  EventActivators:
  - Shape: 0
    Option: 0
    PositionX: -1785
    PositionY: -323.239013671875
    PositionZ: -1495
    ScaleX: 50
    ScaleY: 1000
    ScaleZ: 887.67999267578125
    RotationX: 0
    RotationY: 0.95993107557296753
    RotationZ: 0
    Flags: 0
    Type: 0
    OnBgGroup: 0
    OffBgGroup: 0
  - Shape: 0
    Option: 1
    PositionX: -1800
    PositionY: -200
    PositionZ: -1500
    ScaleX: 450
    ScaleY: 1000
    ScaleZ: 900
    RotationX: 0
    RotationY: 0.95993107557296753
    RotationZ: 0
    Flags: 0
    Type: 0
    OnBgGroup: 0
    OffBgGroup: 0
  WalkPath: []
  ReturnParameters: []
  Signals: []
