- Type: 1
  Flag: 0
  Id: 33
  Teleport:
    Place: 7
    Door: 0
    World: 2
    Unknown: 0
  Unk20: 0
  Unk24: 0
  Entities: []
  EventActivators:
  - Shape: 0
    Option: 0
    PositionX: -570
    PositionY: -1159.720947265625
    PositionZ: 940
    ScaleX: 50
    ScaleY: 1000
    ScaleZ: 726.9749755859375
    RotationX: 0
    RotationY: -0.34906584024429321
    RotationZ: 0
    Flags: 0
    Type: 0
    OnBgGroup: 0
    OffBgGroup: 0
  - Shape: 0
    Option: 1
    PositionX: -600
    PositionY: -1047.7353515625
    PositionZ: 1000
    ScaleX: 400
    ScaleY: 1000
    ScaleZ: 726.08001708984375
    RotationX: 0
    RotationY: -0.34906584024429321
    RotationZ: 0
    Flags: 0
    Type: 0
    OnBgGroup: 0
    OffBgGroup: 0
  WalkPath: []
  ReturnParameters: []
  Signals: []
